2.55881 1.79624
2.55881 1.79624
2.55881 1.79624
2.55881 1.79624
2.68085 1.86766
2.80288 1.93908
2.92492 2.0105
3.04696 2.08192
3.169 2.15334
3.29103 2.22476
3.41307 2.29618
3.53511 2.3676
3.65715 2.43902
3.77918 2.51044
3.90122 2.58186
3.90122 2.58186
4.03802 2.54607
4.03802 2.54607
4.16005 2.61749
4.16005 2.61749
4.29685 2.5817
4.43364 2.54591
4.43364 2.54591
4.55568 2.61733
4.55568 2.61733
4.69248 2.58154
4.82927 2.54574
4.82927 2.54574
4.95131 2.61716
4.95131 2.61716
5.0881 2.58137
5.2249 2.54558
5.2249 2.54558
5.34694 2.617
5.34694 2.617
5.34694 2.617
5.34694 2.617
5.48373 2.58121
5.62053 2.54542
5.62053 2.54542
5.74256 2.61684
5.74256 2.61684
5.74256 2.61684
5.74256 2.61684
5.87936 2.58105
6.01615 2.54525
6.01615 2.54525
6.13819 2.61667
6.13819 2.61667
6.13819 2.61667
6.13819 2.61667
6.27499 2.58088
6.41178 2.54509
6.41178 2.54509
6.53382 2.61651
6.53382 2.61651
6.67061 2.58072
6.80741 2.54493
6.80741 2.54493
6.92945 2.61635
6.92945 2.61635
7.06624 2.58056
7.20304 2.54476
7.20304 2.54476
7.32507 2.61619
7.32507 2.61619
7.46187 2.58039
7.59866 2.5446
7.73546 2.50881
7.87226 2.47302
7.87226 2.47302
7.99429 2.54444
8.11633 2.61586
8.11633 2.61586
8.25312 2.58007
8.38992 2.54428
8.52672 2.50848
8.66351 2.47269
8.66351 2.47269
8.78555 2.54411
8.90758 2.61553
8.90758 2.61553
9.04438 2.57974
9.18118 2.54395
9.18118 2.54395
9.30321 2.61537
9.30321 2.61537
9.30321 2.61537
9.30321 2.61537
9.44001 2.57958
9.5768 2.54379
9.7136 2.50799
9.85039 2.4722
9.98719 2.43641
9.98719 2.43641
9.98719 2.43641
9.98719 2.43641
10.1092 2.50783
10.1092 2.50783
10.1092 2.50783
10.1806 2.38579
10.1806 2.38579
10.1806 2.38579
10.3027 2.45721
10.4247 2.52863
10.5468 2.60005
10.6688 2.67147
10.7908 2.74289
10.9129 2.81431
11.0349 2.88573
11.1569 2.95716
11.279 3.02858
11.401 3.1
11.401 3.1
11.4368 3.23679
11.4726 3.37359
11.5084 3.51038
11.5442 3.64718
11.58 3.78397
11.58 3.78397
11.58 3.78397
11.58 3.78397
11.702 3.85539
11.702 3.85539
11.702 3.85539
11.7734 3.73335
11.7734 3.73335
11.8092 3.87015
11.8092 3.87015
11.8806 3.74811
11.8806 3.74811
11.8806 3.74811
12.0027 3.81953
12.0027 3.81953
12.0027 3.81953
12.0741 3.69749
12.0741 3.69749
12.1099 3.83429
12.1099 3.83429
12.1099 3.83429
12.2467 3.7985
12.3835 3.76271
12.5203 3.72691
12.5203 3.72691
12.6423 3.79834
12.6423 3.79834
12.6423 3.79834
12.6423 3.79834
12.7791 3.76254
12.9159 3.72675
13.0527 3.69096
13.0527 3.69096
13.1747 3.76238
13.2968 3.8338
13.2968 3.8338
13.3326 3.9706
13.3326 3.9706
13.3326 3.9706
13.4694 3.9348
13.6062 3.89901
13.743 3.86322
13.743 3.86322
13.865 3.93464
13.987 4.00606
14.1091 4.07748
14.2311 4.1489
14.3531 4.22032
14.4752 4.29174
14.5972 4.36316
14.7193 4.43458
14.8413 4.506
14.9633 4.57742
15.0854 4.64884
15.2074 4.72026
15.2074 4.72026
15.2074 4.72026
15.2074 4.72026
15.3442 4.68447
15.3442 4.68447
15.4662 4.75589
15.5883 4.82731
15.7103 4.89873
15.8323 4.97015
15.9544 5.04157
16.0764 5.11299
16.1985 5.18441
16.3205 5.25583
16.4425 5.32725
16.5646 5.39867
16.6866 5.47009
16.8086 5.54151
16.9307 5.61293
17.0527 5.68435
17.1748 5.75577
17.2968 5.82719
17.4188 5.89861
17.5409 5.97004
17.6629 6.04146
17.7849 6.11288
17.907 6.1843
17.907 6.1843
17.9249 6.25269
17.9428 6.32109
2.55881 1.79624
2.55881 1.79624
2.55881 1.79624
2.55881 1.79624
2.68085 1.86766
2.80288 1.93908
2.92492 2.0105
3.04696 2.08192
3.169 2.15334
3.29103 2.22476
3.41307 2.29618
3.53511 2.3676
3.65715 2.43902
3.77918 2.51044
3.90122 2.58186
3.90122 2.58186
4.03802 2.54607
4.03802 2.54607
4.16005 2.61749
4.16005 2.61749
4.29685 2.5817
4.43364 2.54591
4.43364 2.54591
4.55568 2.61733
4.55568 2.61733
4.69248 2.58154
4.82927 2.54574
4.82927 2.54574
4.95131 2.61716
4.95131 2.61716
5.0881 2.58137
5.2249 2.54558
5.2249 2.54558
5.34694 2.617
5.34694 2.617
5.34694 2.617
5.34694 2.617
5.48373 2.58121
5.62053 2.54542
5.62053 2.54542
5.74256 2.61684
5.74256 2.61684
5.74256 2.61684
5.74256 2.61684
5.87936 2.58105
6.01615 2.54525
6.01615 2.54525
6.13819 2.61667
6.13819 2.61667
6.13819 2.61667
6.13819 2.61667
6.27499 2.58088
6.41178 2.54509
6.41178 2.54509
6.53382 2.61651
6.53382 2.61651
6.67061 2.58072
6.80741 2.54493
6.80741 2.54493
6.92945 2.61635
6.92945 2.61635
7.06624 2.58056
7.20304 2.54476
7.20304 2.54476
7.32507 2.61619
7.32507 2.61619
7.46187 2.58039
7.59866 2.5446
7.73546 2.50881
7.87226 2.47302
7.87226 2.47302
7.99429 2.54444
8.11633 2.61586
8.11633 2.61586
8.25312 2.58007
8.38992 2.54428
8.52672 2.50848
8.66351 2.47269
8.66351 2.47269
8.78555 2.54411
8.90758 2.61553
8.90758 2.61553
9.04438 2.57974
9.18118 2.54395
9.18118 2.54395
9.30321 2.61537
9.30321 2.61537
9.30321 2.61537
9.30321 2.61537
9.44001 2.57958
9.5768 2.54379
9.7136 2.50799
9.85039 2.4722
9.98719 2.43641
9.98719 2.43641
9.98719 2.43641
9.98719 2.43641
10.1092 2.50783
10.1092 2.50783
10.1092 2.50783
10.1806 2.38579
10.1806 2.38579
10.1806 2.38579
10.3027 2.45721
10.4247 2.52863
10.5468 2.60005
10.6688 2.67147
10.7908 2.74289
10.9129 2.81431
11.0349 2.88573
11.1569 2.95716
11.279 3.02858
11.401 3.1
11.401 3.1
11.4368 3.23679
11.4726 3.37359
11.5084 3.51038
11.5442 3.64718
11.58 3.78397
11.58 3.78397
11.58 3.78397
11.58 3.78397
11.702 3.85539
11.702 3.85539
11.702 3.85539
11.7734 3.73335
11.7734 3.73335
11.8092 3.87015
11.8092 3.87015
11.8806 3.74811
11.8806 3.74811
11.8806 3.74811
12.0027 3.81953
12.0027 3.81953
12.0027 3.81953
12.0741 3.69749
12.0741 3.69749
12.1099 3.83429
12.1099 3.83429
12.1099 3.83429
12.2467 3.7985
12.3835 3.76271
12.5203 3.72691
12.5203 3.72691
12.6423 3.79834
12.6423 3.79834
12.6423 3.79834
12.6423 3.79834
12.7791 3.76254
12.9159 3.72675
13.0527 3.69096
13.0527 3.69096
13.1747 3.76238
13.2968 3.8338
13.2968 3.8338
13.3326 3.9706
13.3326 3.9706
13.3326 3.9706
13.4694 3.9348
13.6062 3.89901
13.743 3.86322
13.743 3.86322
13.865 3.93464
13.987 4.00606
14.1091 4.07748
14.2311 4.1489
14.3531 4.22032
14.4752 4.29174
14.5972 4.36316
14.7193 4.43458
14.8413 4.506
14.9633 4.57742
15.0854 4.64884
15.2074 4.72026
15.2074 4.72026
15.2074 4.72026
15.2074 4.72026
15.3442 4.68447
15.3442 4.68447
15.4662 4.75589
15.5883 4.82731
15.7103 4.89873
15.8323 4.97015
15.9544 5.04157
16.0764 5.11299
16.1985 5.18441
16.3205 5.25583
16.4425 5.32725
16.5646 5.39867
16.6866 5.47009
16.8086 5.54151
16.9307 5.61293
17.0527 5.68435
17.1748 5.75577
17.2968 5.82719
17.4188 5.89861
17.5409 5.97004
17.6629 6.04146
17.7849 6.11288
17.907 6.1843
17.907 6.1843
17.9249 6.25269
17.9428 6.32109
