2.55881 1.79624
2.55881 1.79624
2.55881 1.79624
2.55881 1.79624
2.55881 1.79624
2.55881 1.79624
2.55881 1.79624
2.55881 1.79624
2.55881 1.79624
2.55881 1.79624
2.55881 1.79624
2.55881 1.79624
2.55881 1.79624
2.55881 1.79624
2.55881 1.79624
2.55881 1.79624
2.55881 1.79624
2.55881 1.79624
2.55881 1.79624
2.55881 1.79624
2.55881 1.79624
5.0881 2.58137
5.34694 2.617
9.85039 2.4722
9.98719 2.43641
10.1092 2.50783
17.907 6.1843
17.907 6.1843
17.907 6.1843
2.55881 1.79624
2.55881 1.79624
2.55881 1.79624
2.55881 1.79624
2.55881 1.79624
2.55881 1.79624
2.55881 1.79624
2.55881 1.79624
2.55881 1.79624
2.55881 1.79624
2.55881 1.79624
2.55881 1.79624
2.55881 1.79624
2.55881 1.79624
2.55881 1.79624
2.55881 1.79624
2.55881 1.79624
2.55881 1.79624
2.55881 1.79624
2.55881 1.79624
2.55881 1.79624
5.0881 2.58137
5.34694 2.617
9.85039 2.4722
9.98719 2.43641
10.1092 2.50783
17.907 6.1843
17.907 6.1843
17.907 6.1843
