2.55881 1.79624 2.55881 1.79624 17.9428 6.32109 10 1.05 0.75 0.05 2.1 1.5 12 1.675 0.75 0.05 3.35 1.5 2.3 5 0.75 4.6 0.05 1.5 7.7 5 0.75 4.6 0.05 1.5 12 7.5 0.75 0.05 6.7 1.5 10 7.5 0.75 0.05 9.2 1.5 13.8 7.5 0.75 3.6 0.05 1.5 18.2 7.5 0.75 3.6 0.05 1.5 5 10 0.75 8.1 0.05 1.5 12 13.325 0.75 0.05 3.35 1.5 10 13.95 0.75 0.05 2.1 1.5 0 0 0 0 0 0 0 0 0 0 0 0 0 0 0 0 0 0 0 0 0 0 0 0 0 0 0 0 0 0 0 0 0 0 0 0 0 0 0 0 0 0 0 0 0 0 0 0 0 0 0 0 0 0
2.55881 1.79624 2.55881 1.79624 17.9428 6.32109 10 1.05 0.75 0.05 2.1 1.5 12 1.675 0.75 0.05 3.35 1.5 2.3 5 0.75 4.6 0.05 1.5 7.7 5 0.75 4.6 0.05 1.5 12 7.5 0.75 0.05 6.7 1.5 10 7.5 0.75 0.05 9.2 1.5 13.8 7.5 0.75 3.6 0.05 1.5 18.2 7.5 0.75 3.6 0.05 1.5 5 10 0.75 8.1 0.05 1.5 12 13.325 0.75 0.05 3.35 1.5 10 13.95 0.75 0.05 2.1 1.5 0 0 0 0 0 0 0 0 0 0 0 0 0 0 0 0 0 0 0 0 0 0 0 0 0 0 0 0 0 0 0 0 0 0 0 0 0 0 0 0 0 0 0 0 0 0 0 0 0 0 0 0 0 0
2.55881 1.79624 2.55881 1.79624 17.9428 6.32109 10 1.05 0.75 0.05 2.1 1.5 12 1.675 0.75 0.05 3.35 1.5 2.3 5 0.75 4.6 0.05 1.5 7.7 5 0.75 4.6 0.05 1.5 12 7.5 0.75 0.05 6.7 1.5 10 7.5 0.75 0.05 9.2 1.5 13.8 7.5 0.75 3.6 0.05 1.5 18.2 7.5 0.75 3.6 0.05 1.5 5 10 0.75 8.1 0.05 1.5 12 13.325 0.75 0.05 3.35 1.5 10 13.95 0.75 0.05 2.1 1.5 0 0 0 0 0 0 0 0 0 0 0 0 0 0 0 0 0 0 0 0 0 0 0 0 0 0 0 0 0 0 0 0 0 0 0 0 0 0 0 0 0 0 0 0 0 0 0 0 0 0 0 0 0 0
2.55881 1.79624 2.55881 1.79624 17.9428 6.32109 10 1.05 0.75 0.05 2.1 1.5 12 1.675 0.75 0.05 3.35 1.5 2.3 5 0.75 4.6 0.05 1.5 7.7 5 0.75 4.6 0.05 1.5 12 7.5 0.75 0.05 6.7 1.5 10 7.5 0.75 0.05 9.2 1.5 13.8 7.5 0.75 3.6 0.05 1.5 18.2 7.5 0.75 3.6 0.05 1.5 5 10 0.75 8.1 0.05 1.5 12 13.325 0.75 0.05 3.35 1.5 10 13.95 0.75 0.05 2.1 1.5 0 0 0 0 0 0 0 0 0 0 0 0 0 0 0 0 0 0 0 0 0 0 0 0 0 0 0 0 0 0 0 0 0 0 0 0 0 0 0 0 0 0 0 0 0 0 0 0 0 0 0 0 0 0
2.55881 1.79624 2.55881 1.79624 17.9428 6.32109 10 1.05 0.75 0.05 2.1 1.5 12 1.675 0.75 0.05 3.35 1.5 2.3 5 0.75 4.6 0.05 1.5 7.7 5 0.75 4.6 0.05 1.5 12 7.5 0.75 0.05 6.7 1.5 10 7.5 0.75 0.05 9.2 1.5 13.8 7.5 0.75 3.6 0.05 1.5 18.2 7.5 0.75 3.6 0.05 1.5 5 10 0.75 8.1 0.05 1.5 12 13.325 0.75 0.05 3.35 1.5 10 13.95 0.75 0.05 2.1 1.5 0 0 0 0 0 0 0 0 0 0 0 0 0 0 0 0 0 0 0 0 0 0 0 0 0 0 0 0 0 0 0 0 0 0 0 0 0 0 0 0 0 0 0 0 0 0 0 0 0 0 0 0 0 0
2.55881 1.79624 2.55881 1.79624 17.9428 6.32109 10 1.05 0.75 0.05 2.1 1.5 12 1.675 0.75 0.05 3.35 1.5 2.3 5 0.75 4.6 0.05 1.5 7.7 5 0.75 4.6 0.05 1.5 12 7.5 0.75 0.05 6.7 1.5 10 7.5 0.75 0.05 9.2 1.5 13.8 7.5 0.75 3.6 0.05 1.5 18.2 7.5 0.75 3.6 0.05 1.5 5 10 0.75 8.1 0.05 1.5 12 13.325 0.75 0.05 3.35 1.5 10 13.95 0.75 0.05 2.1 1.5 0 0 0 0 0 0 0 0 0 0 0 0 0 0 0 0 0 0 0 0 0 0 0 0 0 0 0 0 0 0 0 0 0 0 0 0 0 0 0 0 0 0 0 0 0 0 0 0 0 0 0 0 0 0
2.55881 1.79624 2.55881 1.79624 17.9428 6.32109 10 1.05 0.75 0.05 2.1 1.5 12 1.675 0.75 0.05 3.35 1.5 2.3 5 0.75 4.6 0.05 1.5 7.7 5 0.75 4.6 0.05 1.5 12 7.5 0.75 0.05 6.7 1.5 10 7.5 0.75 0.05 9.2 1.5 13.8 7.5 0.75 3.6 0.05 1.5 18.2 7.5 0.75 3.6 0.05 1.5 5 10 0.75 8.1 0.05 1.5 12 13.325 0.75 0.05 3.35 1.5 10 13.95 0.75 0.05 2.1 1.5 0 0 0 0 0 0 0 0 0 0 0 0 0 0 0 0 0 0 0 0 0 0 0 0 0 0 0 0 0 0 0 0 0 0 0 0 0 0 0 0 0 0 0 0 0 0 0 0 0 0 0 0 0 0
2.55881 1.79624 2.55881 1.79624 17.9428 6.32109 10 1.05 0.75 0.05 2.1 1.5 12 1.675 0.75 0.05 3.35 1.5 2.3 5 0.75 4.6 0.05 1.5 7.7 5 0.75 4.6 0.05 1.5 12 7.5 0.75 0.05 6.7 1.5 10 7.5 0.75 0.05 9.2 1.5 13.8 7.5 0.75 3.6 0.05 1.5 18.2 7.5 0.75 3.6 0.05 1.5 5 10 0.75 8.1 0.05 1.5 12 13.325 0.75 0.05 3.35 1.5 10 13.95 0.75 0.05 2.1 1.5 0 0 0 0 0 0 0 0 0 0 0 0 0 0 0 0 0 0 0 0 0 0 0 0 0 0 0 0 0 0 0 0 0 0 0 0 0 0 0 0 0 0 0 0 0 0 0 0 0 0 0 0 0 0
2.55881 1.79624 2.55881 1.79624 17.9428 6.32109 10 1.05 0.75 0.05 2.1 1.5 12 1.675 0.75 0.05 3.35 1.5 2.3 5 0.75 4.6 0.05 1.5 7.7 5 0.75 4.6 0.05 1.5 12 7.5 0.75 0.05 6.7 1.5 10 7.5 0.75 0.05 9.2 1.5 13.8 7.5 0.75 3.6 0.05 1.5 18.2 7.5 0.75 3.6 0.05 1.5 5 10 0.75 8.1 0.05 1.5 12 13.325 0.75 0.05 3.35 1.5 10 13.95 0.75 0.05 2.1 1.5 0 0 0 0 0 0 0 0 0 0 0 0 0 0 0 0 0 0 0 0 0 0 0 0 0 0 0 0 0 0 0 0 0 0 0 0 0 0 0 0 0 0 0 0 0 0 0 0 0 0 0 0 0 0
2.55881 1.79624 2.55881 1.79624 17.9428 6.32109 10 1.05 0.75 0.05 2.1 1.5 12 1.675 0.75 0.05 3.35 1.5 2.3 5 0.75 4.6 0.05 1.5 7.7 5 0.75 4.6 0.05 1.5 12 7.5 0.75 0.05 6.7 1.5 10 7.5 0.75 0.05 9.2 1.5 13.8 7.5 0.75 3.6 0.05 1.5 18.2 7.5 0.75 3.6 0.05 1.5 5 10 0.75 8.1 0.05 1.5 12 13.325 0.75 0.05 3.35 1.5 10 13.95 0.75 0.05 2.1 1.5 0 0 0 0 0 0 0 0 0 0 0 0 0 0 0 0 0 0 0 0 0 0 0 0 0 0 0 0 0 0 0 0 0 0 0 0 0 0 0 0 0 0 0 0 0 0 0 0 0 0 0 0 0 0
2.55881 1.79624 2.55881 1.79624 17.9428 6.32109 10 1.05 0.75 0.05 2.1 1.5 12 1.675 0.75 0.05 3.35 1.5 2.3 5 0.75 4.6 0.05 1.5 7.7 5 0.75 4.6 0.05 1.5 12 7.5 0.75 0.05 6.7 1.5 10 7.5 0.75 0.05 9.2 1.5 13.8 7.5 0.75 3.6 0.05 1.5 18.2 7.5 0.75 3.6 0.05 1.5 5 10 0.75 8.1 0.05 1.5 12 13.325 0.75 0.05 3.35 1.5 10 13.95 0.75 0.05 2.1 1.5 0 0 0 0 0 0 0 0 0 0 0 0 0 0 0 0 0 0 0 0 0 0 0 0 0 0 0 0 0 0 0 0 0 0 0 0 0 0 0 0 0 0 0 0 0 0 0 0 0 0 0 0 0 0
2.55881 1.79624 2.55881 1.79624 17.9428 6.32109 10 1.05 0.75 0.05 2.1 1.5 12 1.675 0.75 0.05 3.35 1.5 2.3 5 0.75 4.6 0.05 1.5 7.7 5 0.75 4.6 0.05 1.5 12 7.5 0.75 0.05 6.7 1.5 10 7.5 0.75 0.05 9.2 1.5 13.8 7.5 0.75 3.6 0.05 1.5 18.2 7.5 0.75 3.6 0.05 1.5 5 10 0.75 8.1 0.05 1.5 12 13.325 0.75 0.05 3.35 1.5 10 13.95 0.75 0.05 2.1 1.5 0 0 0 0 0 0 0 0 0 0 0 0 0 0 0 0 0 0 0 0 0 0 0 0 0 0 0 0 0 0 0 0 0 0 0 0 0 0 0 0 0 0 0 0 0 0 0 0 0 0 0 0 0 0
2.55881 1.79624 2.55881 1.79624 17.9428 6.32109 10 1.05 0.75 0.05 2.1 1.5 12 1.675 0.75 0.05 3.35 1.5 2.3 5 0.75 4.6 0.05 1.5 7.7 5 0.75 4.6 0.05 1.5 12 7.5 0.75 0.05 6.7 1.5 10 7.5 0.75 0.05 9.2 1.5 13.8 7.5 0.75 3.6 0.05 1.5 18.2 7.5 0.75 3.6 0.05 1.5 5 10 0.75 8.1 0.05 1.5 12 13.325 0.75 0.05 3.35 1.5 10 13.95 0.75 0.05 2.1 1.5 0 0 0 0 0 0 0 0 0 0 0 0 0 0 0 0 0 0 0 0 0 0 0 0 0 0 0 0 0 0 0 0 0 0 0 0 0 0 0 0 0 0 0 0 0 0 0 0 0 0 0 0 0 0
2.55881 1.79624 2.55881 1.79624 17.9428 6.32109 10 1.05 0.75 0.05 2.1 1.5 12 1.675 0.75 0.05 3.35 1.5 2.3 5 0.75 4.6 0.05 1.5 7.7 5 0.75 4.6 0.05 1.5 12 7.5 0.75 0.05 6.7 1.5 10 7.5 0.75 0.05 9.2 1.5 13.8 7.5 0.75 3.6 0.05 1.5 18.2 7.5 0.75 3.6 0.05 1.5 5 10 0.75 8.1 0.05 1.5 12 13.325 0.75 0.05 3.35 1.5 10 13.95 0.75 0.05 2.1 1.5 0 0 0 0 0 0 0 0 0 0 0 0 0 0 0 0 0 0 0 0 0 0 0 0 0 0 0 0 0 0 0 0 0 0 0 0 0 0 0 0 0 0 0 0 0 0 0 0 0 0 0 0 0 0
2.55881 1.79624 2.55881 1.79624 17.9428 6.32109 10 1.05 0.75 0.05 2.1 1.5 12 1.675 0.75 0.05 3.35 1.5 2.3 5 0.75 4.6 0.05 1.5 7.7 5 0.75 4.6 0.05 1.5 12 7.5 0.75 0.05 6.7 1.5 10 7.5 0.75 0.05 9.2 1.5 13.8 7.5 0.75 3.6 0.05 1.5 18.2 7.5 0.75 3.6 0.05 1.5 5 10 0.75 8.1 0.05 1.5 12 13.325 0.75 0.05 3.35 1.5 10 13.95 0.75 0.05 2.1 1.5 0 0 0 0 0 0 0 0 0 0 0 0 0 0 0 0 0 0 0 0 0 0 0 0 0 0 0 0 0 0 0 0 0 0 0 0 0 0 0 0 0 0 0 0 0 0 0 0 0 0 0 0 0 0
2.55881 1.79624 2.55881 1.79624 17.9428 6.32109 10 1.05 0.75 0.05 2.1 1.5 12 1.675 0.75 0.05 3.35 1.5 2.3 5 0.75 4.6 0.05 1.5 7.7 5 0.75 4.6 0.05 1.5 12 7.5 0.75 0.05 6.7 1.5 10 7.5 0.75 0.05 9.2 1.5 13.8 7.5 0.75 3.6 0.05 1.5 18.2 7.5 0.75 3.6 0.05 1.5 5 10 0.75 8.1 0.05 1.5 12 13.325 0.75 0.05 3.35 1.5 10 13.95 0.75 0.05 2.1 1.5 0 0 0 0 0 0 0 0 0 0 0 0 0 0 0 0 0 0 0 0 0 0 0 0 0 0 0 0 0 0 0 0 0 0 0 0 0 0 0 0 0 0 0 0 0 0 0 0 0 0 0 0 0 0
2.55881 1.79624 2.55881 1.79624 17.9428 6.32109 10 1.05 0.75 0.05 2.1 1.5 12 1.675 0.75 0.05 3.35 1.5 2.3 5 0.75 4.6 0.05 1.5 7.7 5 0.75 4.6 0.05 1.5 12 7.5 0.75 0.05 6.7 1.5 10 7.5 0.75 0.05 9.2 1.5 13.8 7.5 0.75 3.6 0.05 1.5 18.2 7.5 0.75 3.6 0.05 1.5 5 10 0.75 8.1 0.05 1.5 12 13.325 0.75 0.05 3.35 1.5 10 13.95 0.75 0.05 2.1 1.5 0 0 0 0 0 0 0 0 0 0 0 0 0 0 0 0 0 0 0 0 0 0 0 0 0 0 0 0 0 0 0 0 0 0 0 0 0 0 0 0 0 0 0 0 0 0 0 0 0 0 0 0 0 0
2.55881 1.79624 2.55881 1.79624 17.9428 6.32109 10 1.05 0.75 0.05 2.1 1.5 12 1.675 0.75 0.05 3.35 1.5 2.3 5 0.75 4.6 0.05 1.5 7.7 5 0.75 4.6 0.05 1.5 12 7.5 0.75 0.05 6.7 1.5 10 7.5 0.75 0.05 9.2 1.5 13.8 7.5 0.75 3.6 0.05 1.5 18.2 7.5 0.75 3.6 0.05 1.5 5 10 0.75 8.1 0.05 1.5 12 13.325 0.75 0.05 3.35 1.5 10 13.95 0.75 0.05 2.1 1.5 0 0 0 0 0 0 0 0 0 0 0 0 0 0 0 0 0 0 0 0 0 0 0 0 0 0 0 0 0 0 0 0 0 0 0 0 0 0 0 0 0 0 0 0 0 0 0 0 0 0 0 0 0 0
2.55881 1.79624 2.55881 1.79624 17.9428 6.32109 10 1.05 0.75 0.05 2.1 1.5 12 1.675 0.75 0.05 3.35 1.5 2.3 5 0.75 4.6 0.05 1.5 7.7 5 0.75 4.6 0.05 1.5 12 7.5 0.75 0.05 6.7 1.5 10 7.5 0.75 0.05 9.2 1.5 13.8 7.5 0.75 3.6 0.05 1.5 18.2 7.5 0.75 3.6 0.05 1.5 5 10 0.75 8.1 0.05 1.5 12 13.325 0.75 0.05 3.35 1.5 10 13.95 0.75 0.05 2.1 1.5 0 0 0 0 0 0 0 0 0 0 0 0 0 0 0 0 0 0 0 0 0 0 0 0 0 0 0 0 0 0 0 0 0 0 0 0 0 0 0 0 0 0 0 0 0 0 0 0 0 0 0 0 0 0
2.55881 1.79624 2.55881 1.79624 17.9428 6.32109 10 1.05 0.75 0.05 2.1 1.5 12 1.675 0.75 0.05 3.35 1.5 2.3 5 0.75 4.6 0.05 1.5 7.7 5 0.75 4.6 0.05 1.5 12 7.5 0.75 0.05 6.7 1.5 10 7.5 0.75 0.05 9.2 1.5 13.8 7.5 0.75 3.6 0.05 1.5 18.2 7.5 0.75 3.6 0.05 1.5 5 10 0.75 8.1 0.05 1.5 12 13.325 0.75 0.05 3.35 1.5 10 13.95 0.75 0.05 2.1 1.5 0 0 0 0 0 0 0 0 0 0 0 0 0 0 0 0 0 0 0 0 0 0 0 0 0 0 0 0 0 0 0 0 0 0 0 0 0 0 0 0 0 0 0 0 0 0 0 0 0 0 0 0 0 0
2.55881 1.79624 2.55881 1.79624 17.9428 6.32109 10 1.05 0.75 0.05 2.1 1.5 12 1.675 0.75 0.05 3.35 1.5 2.3 5 0.75 4.6 0.05 1.5 7.7 5 0.75 4.6 0.05 1.5 12 7.5 0.75 0.05 6.7 1.5 10 7.5 0.75 0.05 9.2 1.5 13.8 7.5 0.75 3.6 0.05 1.5 18.2 7.5 0.75 3.6 0.05 1.5 5 10 0.75 8.1 0.05 1.5 12 13.325 0.75 0.05 3.35 1.5 10 13.95 0.75 0.05 2.1 1.5 0 0 0 0 0 0 0 0 0 0 0 0 0 0 0 0 0 0 0 0 0 0 0 0 0 0 0 0 0 0 0 0 0 0 0 0 0 0 0 0 0 0 0 0 0 0 0 0 0 0 0 0 0 0
5.0881 2.58137 2.55881 1.79624 17.9428 6.32109 10 1.05 0.75 0.05 2.1 1.5 12 1.675 0.75 0.05 3.35 1.5 2.3 5 0.75 4.6 0.05 1.5 7.7 5 0.75 4.6 0.05 1.5 12 7.5 0.75 0.05 6.7 1.5 10 7.5 0.75 0.05 9.2 1.5 13.8 7.5 0.75 3.6 0.05 1.5 18.2 7.5 0.75 3.6 0.05 1.5 5 10 0.75 8.1 0.05 1.5 12 13.325 0.75 0.05 3.35 1.5 10 13.95 0.75 0.05 2.1 1.5 0 0 0 0 0 0 0 0 0 0 0 0 0 0 0 0 0 0 0 0 0 0 0 0 0 0 0 0 0 0 0 0 0 0 0 0 0 0 0 0 0 0 0 0 0 0 0 0 0 0 0 0 0 0
5.34694 2.617 2.55881 1.79624 17.9428 6.32109 10 1.05 0.75 0.05 2.1 1.5 12 1.675 0.75 0.05 3.35 1.5 2.3 5 0.75 4.6 0.05 1.5 7.7 5 0.75 4.6 0.05 1.5 12 7.5 0.75 0.05 6.7 1.5 10 7.5 0.75 0.05 9.2 1.5 13.8 7.5 0.75 3.6 0.05 1.5 18.2 7.5 0.75 3.6 0.05 1.5 5 10 0.75 8.1 0.05 1.5 12 13.325 0.75 0.05 3.35 1.5 10 13.95 0.75 0.05 2.1 1.5 0 0 0 0 0 0 0 0 0 0 0 0 0 0 0 0 0 0 0 0 0 0 0 0 0 0 0 0 0 0 0 0 0 0 0 0 0 0 0 0 0 0 0 0 0 0 0 0 0 0 0 0 0 0
9.85039 2.4722 2.55881 1.79624 17.9428 6.32109 10 1.05 0.75 0.05 2.1 1.5 12 1.675 0.75 0.05 3.35 1.5 2.3 5 0.75 4.6 0.05 1.5 7.7 5 0.75 4.6 0.05 1.5 12 7.5 0.75 0.05 6.7 1.5 10 7.5 0.75 0.05 9.2 1.5 13.8 7.5 0.75 3.6 0.05 1.5 18.2 7.5 0.75 3.6 0.05 1.5 5 10 0.75 8.1 0.05 1.5 12 13.325 0.75 0.05 3.35 1.5 10 13.95 0.75 0.05 2.1 1.5 0 0 0 0 0 0 0 0 0 0 0 0 0 0 0 0 0 0 0 0 0 0 0 0 0 0 0 0 0 0 0 0 0 0 0 0 0 0 0 0 0 0 0 0 0 0 0 0 0 0 0 0 0 0
9.98719 2.43641 2.55881 1.79624 17.9428 6.32109 10 1.05 0.75 0.05 2.1 1.5 12 1.675 0.75 0.05 3.35 1.5 2.3 5 0.75 4.6 0.05 1.5 7.7 5 0.75 4.6 0.05 1.5 12 7.5 0.75 0.05 6.7 1.5 10 7.5 0.75 0.05 9.2 1.5 13.8 7.5 0.75 3.6 0.05 1.5 18.2 7.5 0.75 3.6 0.05 1.5 5 10 0.75 8.1 0.05 1.5 12 13.325 0.75 0.05 3.35 1.5 10 13.95 0.75 0.05 2.1 1.5 0 0 0 0 0 0 0 0 0 0 0 0 0 0 0 0 0 0 0 0 0 0 0 0 0 0 0 0 0 0 0 0 0 0 0 0 0 0 0 0 0 0 0 0 0 0 0 0 0 0 0 0 0 0
10.1092 2.50783 2.55881 1.79624 17.9428 6.32109 10 1.05 0.75 0.05 2.1 1.5 12 1.675 0.75 0.05 3.35 1.5 2.3 5 0.75 4.6 0.05 1.5 7.7 5 0.75 4.6 0.05 1.5 12 7.5 0.75 0.05 6.7 1.5 10 7.5 0.75 0.05 9.2 1.5 13.8 7.5 0.75 3.6 0.05 1.5 18.2 7.5 0.75 3.6 0.05 1.5 5 10 0.75 8.1 0.05 1.5 12 13.325 0.75 0.05 3.35 1.5 10 13.95 0.75 0.05 2.1 1.5 0 0 0 0 0 0 0 0 0 0 0 0 0 0 0 0 0 0 0 0 0 0 0 0 0 0 0 0 0 0 0 0 0 0 0 0 0 0 0 0 0 0 0 0 0 0 0 0 0 0 0 0 0 0
17.907 6.1843 2.55881 1.79624 17.9428 6.32109 10 1.05 0.75 0.05 2.1 1.5 12 1.675 0.75 0.05 3.35 1.5 2.3 5 0.75 4.6 0.05 1.5 7.7 5 0.75 4.6 0.05 1.5 12 7.5 0.75 0.05 6.7 1.5 10 7.5 0.75 0.05 9.2 1.5 13.8 7.5 0.75 3.6 0.05 1.5 18.2 7.5 0.75 3.6 0.05 1.5 5 10 0.75 8.1 0.05 1.5 12 13.325 0.75 0.05 3.35 1.5 10 13.95 0.75 0.05 2.1 1.5 0 0 0 0 0 0 0 0 0 0 0 0 0 0 0 0 0 0 0 0 0 0 0 0 0 0 0 0 0 0 0 0 0 0 0 0 0 0 0 0 0 0 0 0 0 0 0 0 0 0 0 0 0 0
17.907 6.1843 2.55881 1.79624 17.9428 6.32109 10 1.05 0.75 0.05 2.1 1.5 12 1.675 0.75 0.05 3.35 1.5 2.3 5 0.75 4.6 0.05 1.5 7.7 5 0.75 4.6 0.05 1.5 12 7.5 0.75 0.05 6.7 1.5 10 7.5 0.75 0.05 9.2 1.5 13.8 7.5 0.75 3.6 0.05 1.5 18.2 7.5 0.75 3.6 0.05 1.5 5 10 0.75 8.1 0.05 1.5 12 13.325 0.75 0.05 3.35 1.5 10 13.95 0.75 0.05 2.1 1.5 0 0 0 0 0 0 0 0 0 0 0 0 0 0 0 0 0 0 0 0 0 0 0 0 0 0 0 0 0 0 0 0 0 0 0 0 0 0 0 0 0 0 0 0 0 0 0 0 0 0 0 0 0 0
17.907 6.1843 2.55881 1.79624 17.9428 6.32109 10 1.05 0.75 0.05 2.1 1.5 12 1.675 0.75 0.05 3.35 1.5 2.3 5 0.75 4.6 0.05 1.5 7.7 5 0.75 4.6 0.05 1.5 12 7.5 0.75 0.05 6.7 1.5 10 7.5 0.75 0.05 9.2 1.5 13.8 7.5 0.75 3.6 0.05 1.5 18.2 7.5 0.75 3.6 0.05 1.5 5 10 0.75 8.1 0.05 1.5 12 13.325 0.75 0.05 3.35 1.5 10 13.95 0.75 0.05 2.1 1.5 0 0 0 0 0 0 0 0 0 0 0 0 0 0 0 0 0 0 0 0 0 0 0 0 0 0 0 0 0 0 0 0 0 0 0 0 0 0 0 0 0 0 0 0 0 0 0 0 0 0 0 0 0 0
2.55881 1.79624 2.55881 1.79624 17.9428 6.32109 10 1.05 0.75 0.05 2.1 1.5 12 1.675 0.75 0.05 3.35 1.5 2.3 5 0.75 4.6 0.05 1.5 7.7 5 0.75 4.6 0.05 1.5 12 7.5 0.75 0.05 6.7 1.5 10 7.5 0.75 0.05 9.2 1.5 13.8 7.5 0.75 3.6 0.05 1.5 18.2 7.5 0.75 3.6 0.05 1.5 5 10 0.75 8.1 0.05 1.5 12 13.325 0.75 0.05 3.35 1.5 10 13.95 0.75 0.05 2.1 1.5 0 0 0 0 0 0 0 0 0 0 0 0 0 0 0 0 0 0 0 0 0 0 0 0 0 0 0 0 0 0 0 0 0 0 0 0 0 0 0 0 0 0 0 0 0 0 0 0 0 0 0 0 0 0
2.55881 1.79624 2.55881 1.79624 17.9428 6.32109 10 1.05 0.75 0.05 2.1 1.5 12 1.675 0.75 0.05 3.35 1.5 2.3 5 0.75 4.6 0.05 1.5 7.7 5 0.75 4.6 0.05 1.5 12 7.5 0.75 0.05 6.7 1.5 10 7.5 0.75 0.05 9.2 1.5 13.8 7.5 0.75 3.6 0.05 1.5 18.2 7.5 0.75 3.6 0.05 1.5 5 10 0.75 8.1 0.05 1.5 12 13.325 0.75 0.05 3.35 1.5 10 13.95 0.75 0.05 2.1 1.5 0 0 0 0 0 0 0 0 0 0 0 0 0 0 0 0 0 0 0 0 0 0 0 0 0 0 0 0 0 0 0 0 0 0 0 0 0 0 0 0 0 0 0 0 0 0 0 0 0 0 0 0 0 0
2.55881 1.79624 2.55881 1.79624 17.9428 6.32109 10 1.05 0.75 0.05 2.1 1.5 12 1.675 0.75 0.05 3.35 1.5 2.3 5 0.75 4.6 0.05 1.5 7.7 5 0.75 4.6 0.05 1.5 12 7.5 0.75 0.05 6.7 1.5 10 7.5 0.75 0.05 9.2 1.5 13.8 7.5 0.75 3.6 0.05 1.5 18.2 7.5 0.75 3.6 0.05 1.5 5 10 0.75 8.1 0.05 1.5 12 13.325 0.75 0.05 3.35 1.5 10 13.95 0.75 0.05 2.1 1.5 0 0 0 0 0 0 0 0 0 0 0 0 0 0 0 0 0 0 0 0 0 0 0 0 0 0 0 0 0 0 0 0 0 0 0 0 0 0 0 0 0 0 0 0 0 0 0 0 0 0 0 0 0 0
2.55881 1.79624 2.55881 1.79624 17.9428 6.32109 10 1.05 0.75 0.05 2.1 1.5 12 1.675 0.75 0.05 3.35 1.5 2.3 5 0.75 4.6 0.05 1.5 7.7 5 0.75 4.6 0.05 1.5 12 7.5 0.75 0.05 6.7 1.5 10 7.5 0.75 0.05 9.2 1.5 13.8 7.5 0.75 3.6 0.05 1.5 18.2 7.5 0.75 3.6 0.05 1.5 5 10 0.75 8.1 0.05 1.5 12 13.325 0.75 0.05 3.35 1.5 10 13.95 0.75 0.05 2.1 1.5 0 0 0 0 0 0 0 0 0 0 0 0 0 0 0 0 0 0 0 0 0 0 0 0 0 0 0 0 0 0 0 0 0 0 0 0 0 0 0 0 0 0 0 0 0 0 0 0 0 0 0 0 0 0
2.55881 1.79624 2.55881 1.79624 17.9428 6.32109 10 1.05 0.75 0.05 2.1 1.5 12 1.675 0.75 0.05 3.35 1.5 2.3 5 0.75 4.6 0.05 1.5 7.7 5 0.75 4.6 0.05 1.5 12 7.5 0.75 0.05 6.7 1.5 10 7.5 0.75 0.05 9.2 1.5 13.8 7.5 0.75 3.6 0.05 1.5 18.2 7.5 0.75 3.6 0.05 1.5 5 10 0.75 8.1 0.05 1.5 12 13.325 0.75 0.05 3.35 1.5 10 13.95 0.75 0.05 2.1 1.5 0 0 0 0 0 0 0 0 0 0 0 0 0 0 0 0 0 0 0 0 0 0 0 0 0 0 0 0 0 0 0 0 0 0 0 0 0 0 0 0 0 0 0 0 0 0 0 0 0 0 0 0 0 0
2.55881 1.79624 2.55881 1.79624 17.9428 6.32109 10 1.05 0.75 0.05 2.1 1.5 12 1.675 0.75 0.05 3.35 1.5 2.3 5 0.75 4.6 0.05 1.5 7.7 5 0.75 4.6 0.05 1.5 12 7.5 0.75 0.05 6.7 1.5 10 7.5 0.75 0.05 9.2 1.5 13.8 7.5 0.75 3.6 0.05 1.5 18.2 7.5 0.75 3.6 0.05 1.5 5 10 0.75 8.1 0.05 1.5 12 13.325 0.75 0.05 3.35 1.5 10 13.95 0.75 0.05 2.1 1.5 0 0 0 0 0 0 0 0 0 0 0 0 0 0 0 0 0 0 0 0 0 0 0 0 0 0 0 0 0 0 0 0 0 0 0 0 0 0 0 0 0 0 0 0 0 0 0 0 0 0 0 0 0 0
2.55881 1.79624 2.55881 1.79624 17.9428 6.32109 10 1.05 0.75 0.05 2.1 1.5 12 1.675 0.75 0.05 3.35 1.5 2.3 5 0.75 4.6 0.05 1.5 7.7 5 0.75 4.6 0.05 1.5 12 7.5 0.75 0.05 6.7 1.5 10 7.5 0.75 0.05 9.2 1.5 13.8 7.5 0.75 3.6 0.05 1.5 18.2 7.5 0.75 3.6 0.05 1.5 5 10 0.75 8.1 0.05 1.5 12 13.325 0.75 0.05 3.35 1.5 10 13.95 0.75 0.05 2.1 1.5 0 0 0 0 0 0 0 0 0 0 0 0 0 0 0 0 0 0 0 0 0 0 0 0 0 0 0 0 0 0 0 0 0 0 0 0 0 0 0 0 0 0 0 0 0 0 0 0 0 0 0 0 0 0
2.55881 1.79624 2.55881 1.79624 17.9428 6.32109 10 1.05 0.75 0.05 2.1 1.5 12 1.675 0.75 0.05 3.35 1.5 2.3 5 0.75 4.6 0.05 1.5 7.7 5 0.75 4.6 0.05 1.5 12 7.5 0.75 0.05 6.7 1.5 10 7.5 0.75 0.05 9.2 1.5 13.8 7.5 0.75 3.6 0.05 1.5 18.2 7.5 0.75 3.6 0.05 1.5 5 10 0.75 8.1 0.05 1.5 12 13.325 0.75 0.05 3.35 1.5 10 13.95 0.75 0.05 2.1 1.5 0 0 0 0 0 0 0 0 0 0 0 0 0 0 0 0 0 0 0 0 0 0 0 0 0 0 0 0 0 0 0 0 0 0 0 0 0 0 0 0 0 0 0 0 0 0 0 0 0 0 0 0 0 0
2.55881 1.79624 2.55881 1.79624 17.9428 6.32109 10 1.05 0.75 0.05 2.1 1.5 12 1.675 0.75 0.05 3.35 1.5 2.3 5 0.75 4.6 0.05 1.5 7.7 5 0.75 4.6 0.05 1.5 12 7.5 0.75 0.05 6.7 1.5 10 7.5 0.75 0.05 9.2 1.5 13.8 7.5 0.75 3.6 0.05 1.5 18.2 7.5 0.75 3.6 0.05 1.5 5 10 0.75 8.1 0.05 1.5 12 13.325 0.75 0.05 3.35 1.5 10 13.95 0.75 0.05 2.1 1.5 0 0 0 0 0 0 0 0 0 0 0 0 0 0 0 0 0 0 0 0 0 0 0 0 0 0 0 0 0 0 0 0 0 0 0 0 0 0 0 0 0 0 0 0 0 0 0 0 0 0 0 0 0 0
2.55881 1.79624 2.55881 1.79624 17.9428 6.32109 10 1.05 0.75 0.05 2.1 1.5 12 1.675 0.75 0.05 3.35 1.5 2.3 5 0.75 4.6 0.05 1.5 7.7 5 0.75 4.6 0.05 1.5 12 7.5 0.75 0.05 6.7 1.5 10 7.5 0.75 0.05 9.2 1.5 13.8 7.5 0.75 3.6 0.05 1.5 18.2 7.5 0.75 3.6 0.05 1.5 5 10 0.75 8.1 0.05 1.5 12 13.325 0.75 0.05 3.35 1.5 10 13.95 0.75 0.05 2.1 1.5 0 0 0 0 0 0 0 0 0 0 0 0 0 0 0 0 0 0 0 0 0 0 0 0 0 0 0 0 0 0 0 0 0 0 0 0 0 0 0 0 0 0 0 0 0 0 0 0 0 0 0 0 0 0
2.55881 1.79624 2.55881 1.79624 17.9428 6.32109 10 1.05 0.75 0.05 2.1 1.5 12 1.675 0.75 0.05 3.35 1.5 2.3 5 0.75 4.6 0.05 1.5 7.7 5 0.75 4.6 0.05 1.5 12 7.5 0.75 0.05 6.7 1.5 10 7.5 0.75 0.05 9.2 1.5 13.8 7.5 0.75 3.6 0.05 1.5 18.2 7.5 0.75 3.6 0.05 1.5 5 10 0.75 8.1 0.05 1.5 12 13.325 0.75 0.05 3.35 1.5 10 13.95 0.75 0.05 2.1 1.5 0 0 0 0 0 0 0 0 0 0 0 0 0 0 0 0 0 0 0 0 0 0 0 0 0 0 0 0 0 0 0 0 0 0 0 0 0 0 0 0 0 0 0 0 0 0 0 0 0 0 0 0 0 0
2.55881 1.79624 2.55881 1.79624 17.9428 6.32109 10 1.05 0.75 0.05 2.1 1.5 12 1.675 0.75 0.05 3.35 1.5 2.3 5 0.75 4.6 0.05 1.5 7.7 5 0.75 4.6 0.05 1.5 12 7.5 0.75 0.05 6.7 1.5 10 7.5 0.75 0.05 9.2 1.5 13.8 7.5 0.75 3.6 0.05 1.5 18.2 7.5 0.75 3.6 0.05 1.5 5 10 0.75 8.1 0.05 1.5 12 13.325 0.75 0.05 3.35 1.5 10 13.95 0.75 0.05 2.1 1.5 0 0 0 0 0 0 0 0 0 0 0 0 0 0 0 0 0 0 0 0 0 0 0 0 0 0 0 0 0 0 0 0 0 0 0 0 0 0 0 0 0 0 0 0 0 0 0 0 0 0 0 0 0 0
2.55881 1.79624 2.55881 1.79624 17.9428 6.32109 10 1.05 0.75 0.05 2.1 1.5 12 1.675 0.75 0.05 3.35 1.5 2.3 5 0.75 4.6 0.05 1.5 7.7 5 0.75 4.6 0.05 1.5 12 7.5 0.75 0.05 6.7 1.5 10 7.5 0.75 0.05 9.2 1.5 13.8 7.5 0.75 3.6 0.05 1.5 18.2 7.5 0.75 3.6 0.05 1.5 5 10 0.75 8.1 0.05 1.5 12 13.325 0.75 0.05 3.35 1.5 10 13.95 0.75 0.05 2.1 1.5 0 0 0 0 0 0 0 0 0 0 0 0 0 0 0 0 0 0 0 0 0 0 0 0 0 0 0 0 0 0 0 0 0 0 0 0 0 0 0 0 0 0 0 0 0 0 0 0 0 0 0 0 0 0
2.55881 1.79624 2.55881 1.79624 17.9428 6.32109 10 1.05 0.75 0.05 2.1 1.5 12 1.675 0.75 0.05 3.35 1.5 2.3 5 0.75 4.6 0.05 1.5 7.7 5 0.75 4.6 0.05 1.5 12 7.5 0.75 0.05 6.7 1.5 10 7.5 0.75 0.05 9.2 1.5 13.8 7.5 0.75 3.6 0.05 1.5 18.2 7.5 0.75 3.6 0.05 1.5 5 10 0.75 8.1 0.05 1.5 12 13.325 0.75 0.05 3.35 1.5 10 13.95 0.75 0.05 2.1 1.5 0 0 0 0 0 0 0 0 0 0 0 0 0 0 0 0 0 0 0 0 0 0 0 0 0 0 0 0 0 0 0 0 0 0 0 0 0 0 0 0 0 0 0 0 0 0 0 0 0 0 0 0 0 0
2.55881 1.79624 2.55881 1.79624 17.9428 6.32109 10 1.05 0.75 0.05 2.1 1.5 12 1.675 0.75 0.05 3.35 1.5 2.3 5 0.75 4.6 0.05 1.5 7.7 5 0.75 4.6 0.05 1.5 12 7.5 0.75 0.05 6.7 1.5 10 7.5 0.75 0.05 9.2 1.5 13.8 7.5 0.75 3.6 0.05 1.5 18.2 7.5 0.75 3.6 0.05 1.5 5 10 0.75 8.1 0.05 1.5 12 13.325 0.75 0.05 3.35 1.5 10 13.95 0.75 0.05 2.1 1.5 0 0 0 0 0 0 0 0 0 0 0 0 0 0 0 0 0 0 0 0 0 0 0 0 0 0 0 0 0 0 0 0 0 0 0 0 0 0 0 0 0 0 0 0 0 0 0 0 0 0 0 0 0 0
2.55881 1.79624 2.55881 1.79624 17.9428 6.32109 10 1.05 0.75 0.05 2.1 1.5 12 1.675 0.75 0.05 3.35 1.5 2.3 5 0.75 4.6 0.05 1.5 7.7 5 0.75 4.6 0.05 1.5 12 7.5 0.75 0.05 6.7 1.5 10 7.5 0.75 0.05 9.2 1.5 13.8 7.5 0.75 3.6 0.05 1.5 18.2 7.5 0.75 3.6 0.05 1.5 5 10 0.75 8.1 0.05 1.5 12 13.325 0.75 0.05 3.35 1.5 10 13.95 0.75 0.05 2.1 1.5 0 0 0 0 0 0 0 0 0 0 0 0 0 0 0 0 0 0 0 0 0 0 0 0 0 0 0 0 0 0 0 0 0 0 0 0 0 0 0 0 0 0 0 0 0 0 0 0 0 0 0 0 0 0
2.55881 1.79624 2.55881 1.79624 17.9428 6.32109 10 1.05 0.75 0.05 2.1 1.5 12 1.675 0.75 0.05 3.35 1.5 2.3 5 0.75 4.6 0.05 1.5 7.7 5 0.75 4.6 0.05 1.5 12 7.5 0.75 0.05 6.7 1.5 10 7.5 0.75 0.05 9.2 1.5 13.8 7.5 0.75 3.6 0.05 1.5 18.2 7.5 0.75 3.6 0.05 1.5 5 10 0.75 8.1 0.05 1.5 12 13.325 0.75 0.05 3.35 1.5 10 13.95 0.75 0.05 2.1 1.5 0 0 0 0 0 0 0 0 0 0 0 0 0 0 0 0 0 0 0 0 0 0 0 0 0 0 0 0 0 0 0 0 0 0 0 0 0 0 0 0 0 0 0 0 0 0 0 0 0 0 0 0 0 0
2.55881 1.79624 2.55881 1.79624 17.9428 6.32109 10 1.05 0.75 0.05 2.1 1.5 12 1.675 0.75 0.05 3.35 1.5 2.3 5 0.75 4.6 0.05 1.5 7.7 5 0.75 4.6 0.05 1.5 12 7.5 0.75 0.05 6.7 1.5 10 7.5 0.75 0.05 9.2 1.5 13.8 7.5 0.75 3.6 0.05 1.5 18.2 7.5 0.75 3.6 0.05 1.5 5 10 0.75 8.1 0.05 1.5 12 13.325 0.75 0.05 3.35 1.5 10 13.95 0.75 0.05 2.1 1.5 0 0 0 0 0 0 0 0 0 0 0 0 0 0 0 0 0 0 0 0 0 0 0 0 0 0 0 0 0 0 0 0 0 0 0 0 0 0 0 0 0 0 0 0 0 0 0 0 0 0 0 0 0 0
2.55881 1.79624 2.55881 1.79624 17.9428 6.32109 10 1.05 0.75 0.05 2.1 1.5 12 1.675 0.75 0.05 3.35 1.5 2.3 5 0.75 4.6 0.05 1.5 7.7 5 0.75 4.6 0.05 1.5 12 7.5 0.75 0.05 6.7 1.5 10 7.5 0.75 0.05 9.2 1.5 13.8 7.5 0.75 3.6 0.05 1.5 18.2 7.5 0.75 3.6 0.05 1.5 5 10 0.75 8.1 0.05 1.5 12 13.325 0.75 0.05 3.35 1.5 10 13.95 0.75 0.05 2.1 1.5 0 0 0 0 0 0 0 0 0 0 0 0 0 0 0 0 0 0 0 0 0 0 0 0 0 0 0 0 0 0 0 0 0 0 0 0 0 0 0 0 0 0 0 0 0 0 0 0 0 0 0 0 0 0
2.55881 1.79624 2.55881 1.79624 17.9428 6.32109 10 1.05 0.75 0.05 2.1 1.5 12 1.675 0.75 0.05 3.35 1.5 2.3 5 0.75 4.6 0.05 1.5 7.7 5 0.75 4.6 0.05 1.5 12 7.5 0.75 0.05 6.7 1.5 10 7.5 0.75 0.05 9.2 1.5 13.8 7.5 0.75 3.6 0.05 1.5 18.2 7.5 0.75 3.6 0.05 1.5 5 10 0.75 8.1 0.05 1.5 12 13.325 0.75 0.05 3.35 1.5 10 13.95 0.75 0.05 2.1 1.5 0 0 0 0 0 0 0 0 0 0 0 0 0 0 0 0 0 0 0 0 0 0 0 0 0 0 0 0 0 0 0 0 0 0 0 0 0 0 0 0 0 0 0 0 0 0 0 0 0 0 0 0 0 0
2.55881 1.79624 2.55881 1.79624 17.9428 6.32109 10 1.05 0.75 0.05 2.1 1.5 12 1.675 0.75 0.05 3.35 1.5 2.3 5 0.75 4.6 0.05 1.5 7.7 5 0.75 4.6 0.05 1.5 12 7.5 0.75 0.05 6.7 1.5 10 7.5 0.75 0.05 9.2 1.5 13.8 7.5 0.75 3.6 0.05 1.5 18.2 7.5 0.75 3.6 0.05 1.5 5 10 0.75 8.1 0.05 1.5 12 13.325 0.75 0.05 3.35 1.5 10 13.95 0.75 0.05 2.1 1.5 0 0 0 0 0 0 0 0 0 0 0 0 0 0 0 0 0 0 0 0 0 0 0 0 0 0 0 0 0 0 0 0 0 0 0 0 0 0 0 0 0 0 0 0 0 0 0 0 0 0 0 0 0 0
5.0881 2.58137 2.55881 1.79624 17.9428 6.32109 10 1.05 0.75 0.05 2.1 1.5 12 1.675 0.75 0.05 3.35 1.5 2.3 5 0.75 4.6 0.05 1.5 7.7 5 0.75 4.6 0.05 1.5 12 7.5 0.75 0.05 6.7 1.5 10 7.5 0.75 0.05 9.2 1.5 13.8 7.5 0.75 3.6 0.05 1.5 18.2 7.5 0.75 3.6 0.05 1.5 5 10 0.75 8.1 0.05 1.5 12 13.325 0.75 0.05 3.35 1.5 10 13.95 0.75 0.05 2.1 1.5 0 0 0 0 0 0 0 0 0 0 0 0 0 0 0 0 0 0 0 0 0 0 0 0 0 0 0 0 0 0 0 0 0 0 0 0 0 0 0 0 0 0 0 0 0 0 0 0 0 0 0 0 0 0
5.34694 2.617 2.55881 1.79624 17.9428 6.32109 10 1.05 0.75 0.05 2.1 1.5 12 1.675 0.75 0.05 3.35 1.5 2.3 5 0.75 4.6 0.05 1.5 7.7 5 0.75 4.6 0.05 1.5 12 7.5 0.75 0.05 6.7 1.5 10 7.5 0.75 0.05 9.2 1.5 13.8 7.5 0.75 3.6 0.05 1.5 18.2 7.5 0.75 3.6 0.05 1.5 5 10 0.75 8.1 0.05 1.5 12 13.325 0.75 0.05 3.35 1.5 10 13.95 0.75 0.05 2.1 1.5 0 0 0 0 0 0 0 0 0 0 0 0 0 0 0 0 0 0 0 0 0 0 0 0 0 0 0 0 0 0 0 0 0 0 0 0 0 0 0 0 0 0 0 0 0 0 0 0 0 0 0 0 0 0
9.85039 2.4722 2.55881 1.79624 17.9428 6.32109 10 1.05 0.75 0.05 2.1 1.5 12 1.675 0.75 0.05 3.35 1.5 2.3 5 0.75 4.6 0.05 1.5 7.7 5 0.75 4.6 0.05 1.5 12 7.5 0.75 0.05 6.7 1.5 10 7.5 0.75 0.05 9.2 1.5 13.8 7.5 0.75 3.6 0.05 1.5 18.2 7.5 0.75 3.6 0.05 1.5 5 10 0.75 8.1 0.05 1.5 12 13.325 0.75 0.05 3.35 1.5 10 13.95 0.75 0.05 2.1 1.5 0 0 0 0 0 0 0 0 0 0 0 0 0 0 0 0 0 0 0 0 0 0 0 0 0 0 0 0 0 0 0 0 0 0 0 0 0 0 0 0 0 0 0 0 0 0 0 0 0 0 0 0 0 0
9.98719 2.43641 2.55881 1.79624 17.9428 6.32109 10 1.05 0.75 0.05 2.1 1.5 12 1.675 0.75 0.05 3.35 1.5 2.3 5 0.75 4.6 0.05 1.5 7.7 5 0.75 4.6 0.05 1.5 12 7.5 0.75 0.05 6.7 1.5 10 7.5 0.75 0.05 9.2 1.5 13.8 7.5 0.75 3.6 0.05 1.5 18.2 7.5 0.75 3.6 0.05 1.5 5 10 0.75 8.1 0.05 1.5 12 13.325 0.75 0.05 3.35 1.5 10 13.95 0.75 0.05 2.1 1.5 0 0 0 0 0 0 0 0 0 0 0 0 0 0 0 0 0 0 0 0 0 0 0 0 0 0 0 0 0 0 0 0 0 0 0 0 0 0 0 0 0 0 0 0 0 0 0 0 0 0 0 0 0 0
10.1092 2.50783 2.55881 1.79624 17.9428 6.32109 10 1.05 0.75 0.05 2.1 1.5 12 1.675 0.75 0.05 3.35 1.5 2.3 5 0.75 4.6 0.05 1.5 7.7 5 0.75 4.6 0.05 1.5 12 7.5 0.75 0.05 6.7 1.5 10 7.5 0.75 0.05 9.2 1.5 13.8 7.5 0.75 3.6 0.05 1.5 18.2 7.5 0.75 3.6 0.05 1.5 5 10 0.75 8.1 0.05 1.5 12 13.325 0.75 0.05 3.35 1.5 10 13.95 0.75 0.05 2.1 1.5 0 0 0 0 0 0 0 0 0 0 0 0 0 0 0 0 0 0 0 0 0 0 0 0 0 0 0 0 0 0 0 0 0 0 0 0 0 0 0 0 0 0 0 0 0 0 0 0 0 0 0 0 0 0
17.907 6.1843 2.55881 1.79624 17.9428 6.32109 10 1.05 0.75 0.05 2.1 1.5 12 1.675 0.75 0.05 3.35 1.5 2.3 5 0.75 4.6 0.05 1.5 7.7 5 0.75 4.6 0.05 1.5 12 7.5 0.75 0.05 6.7 1.5 10 7.5 0.75 0.05 9.2 1.5 13.8 7.5 0.75 3.6 0.05 1.5 18.2 7.5 0.75 3.6 0.05 1.5 5 10 0.75 8.1 0.05 1.5 12 13.325 0.75 0.05 3.35 1.5 10 13.95 0.75 0.05 2.1 1.5 0 0 0 0 0 0 0 0 0 0 0 0 0 0 0 0 0 0 0 0 0 0 0 0 0 0 0 0 0 0 0 0 0 0 0 0 0 0 0 0 0 0 0 0 0 0 0 0 0 0 0 0 0 0
17.907 6.1843 2.55881 1.79624 17.9428 6.32109 10 1.05 0.75 0.05 2.1 1.5 12 1.675 0.75 0.05 3.35 1.5 2.3 5 0.75 4.6 0.05 1.5 7.7 5 0.75 4.6 0.05 1.5 12 7.5 0.75 0.05 6.7 1.5 10 7.5 0.75 0.05 9.2 1.5 13.8 7.5 0.75 3.6 0.05 1.5 18.2 7.5 0.75 3.6 0.05 1.5 5 10 0.75 8.1 0.05 1.5 12 13.325 0.75 0.05 3.35 1.5 10 13.95 0.75 0.05 2.1 1.5 0 0 0 0 0 0 0 0 0 0 0 0 0 0 0 0 0 0 0 0 0 0 0 0 0 0 0 0 0 0 0 0 0 0 0 0 0 0 0 0 0 0 0 0 0 0 0 0 0 0 0 0 0 0
17.907 6.1843 2.55881 1.79624 17.9428 6.32109 10 1.05 0.75 0.05 2.1 1.5 12 1.675 0.75 0.05 3.35 1.5 2.3 5 0.75 4.6 0.05 1.5 7.7 5 0.75 4.6 0.05 1.5 12 7.5 0.75 0.05 6.7 1.5 10 7.5 0.75 0.05 9.2 1.5 13.8 7.5 0.75 3.6 0.05 1.5 18.2 7.5 0.75 3.6 0.05 1.5 5 10 0.75 8.1 0.05 1.5 12 13.325 0.75 0.05 3.35 1.5 10 13.95 0.75 0.05 2.1 1.5 0 0 0 0 0 0 0 0 0 0 0 0 0 0 0 0 0 0 0 0 0 0 0 0 0 0 0 0 0 0 0 0 0 0 0 0 0 0 0 0 0 0 0 0 0 0 0 0 0 0 0 0 0 0
