2.55881 1.79624 2.55881 1.79624 17.9428 6.32109 10 1.05 12 1.675 2.3 5 7.7 5 12 7.5 10 7.5 13.8 7.5 18.2 7.5 5 10 12 13.325 10 13.95
2.55881 1.79624 2.55881 1.79624 17.9428 6.32109 10 1.05 12 1.675 2.3 5 7.7 5 12 7.5 10 7.5 13.8 7.5 18.2 7.5 5 10 12 13.325 10 13.95
2.55881 1.79624 2.55881 1.79624 17.9428 6.32109 10 1.05 12 1.675 2.3 5 7.7 5 12 7.5 10 7.5 13.8 7.5 18.2 7.5 5 10 12 13.325 10 13.95
2.68085 1.86766 2.55881 1.79624 17.9428 6.32109 10 1.05 12 1.675 2.3 5 7.7 5 12 7.5 10 7.5 13.8 7.5 18.2 7.5 5 10 12 13.325 10 13.95
2.80288 1.93908 2.55881 1.79624 17.9428 6.32109 10 1.05 12 1.675 2.3 5 7.7 5 12 7.5 10 7.5 13.8 7.5 18.2 7.5 5 10 12 13.325 10 13.95
2.92492 2.0105 2.55881 1.79624 17.9428 6.32109 10 1.05 12 1.675 2.3 5 7.7 5 12 7.5 10 7.5 13.8 7.5 18.2 7.5 5 10 12 13.325 10 13.95
3.04696 2.08192 2.55881 1.79624 17.9428 6.32109 10 1.05 12 1.675 2.3 5 7.7 5 12 7.5 10 7.5 13.8 7.5 18.2 7.5 5 10 12 13.325 10 13.95
3.169 2.15334 2.55881 1.79624 17.9428 6.32109 10 1.05 12 1.675 2.3 5 7.7 5 12 7.5 10 7.5 13.8 7.5 18.2 7.5 5 10 12 13.325 10 13.95
3.29103 2.22476 2.55881 1.79624 17.9428 6.32109 10 1.05 12 1.675 2.3 5 7.7 5 12 7.5 10 7.5 13.8 7.5 18.2 7.5 5 10 12 13.325 10 13.95
3.41307 2.29618 2.55881 1.79624 17.9428 6.32109 10 1.05 12 1.675 2.3 5 7.7 5 12 7.5 10 7.5 13.8 7.5 18.2 7.5 5 10 12 13.325 10 13.95
3.53511 2.3676 2.55881 1.79624 17.9428 6.32109 10 1.05 12 1.675 2.3 5 7.7 5 12 7.5 10 7.5 13.8 7.5 18.2 7.5 5 10 12 13.325 10 13.95
3.65715 2.43902 2.55881 1.79624 17.9428 6.32109 10 1.05 12 1.675 2.3 5 7.7 5 12 7.5 10 7.5 13.8 7.5 18.2 7.5 5 10 12 13.325 10 13.95
3.77918 2.51044 2.55881 1.79624 17.9428 6.32109 10 1.05 12 1.675 2.3 5 7.7 5 12 7.5 10 7.5 13.8 7.5 18.2 7.5 5 10 12 13.325 10 13.95
3.90122 2.58186 2.55881 1.79624 17.9428 6.32109 10 1.05 12 1.675 2.3 5 7.7 5 12 7.5 10 7.5 13.8 7.5 18.2 7.5 5 10 12 13.325 10 13.95
3.90122 2.58186 2.55881 1.79624 17.9428 6.32109 10 1.05 12 1.675 2.3 5 7.7 5 12 7.5 10 7.5 13.8 7.5 18.2 7.5 5 10 12 13.325 10 13.95
4.03802 2.54607 2.55881 1.79624 17.9428 6.32109 10 1.05 12 1.675 2.3 5 7.7 5 12 7.5 10 7.5 13.8 7.5 18.2 7.5 5 10 12 13.325 10 13.95
4.03802 2.54607 2.55881 1.79624 17.9428 6.32109 10 1.05 12 1.675 2.3 5 7.7 5 12 7.5 10 7.5 13.8 7.5 18.2 7.5 5 10 12 13.325 10 13.95
4.16005 2.61749 2.55881 1.79624 17.9428 6.32109 10 1.05 12 1.675 2.3 5 7.7 5 12 7.5 10 7.5 13.8 7.5 18.2 7.5 5 10 12 13.325 10 13.95
4.16005 2.61749 2.55881 1.79624 17.9428 6.32109 10 1.05 12 1.675 2.3 5 7.7 5 12 7.5 10 7.5 13.8 7.5 18.2 7.5 5 10 12 13.325 10 13.95
4.29685 2.5817 2.55881 1.79624 17.9428 6.32109 10 1.05 12 1.675 2.3 5 7.7 5 12 7.5 10 7.5 13.8 7.5 18.2 7.5 5 10 12 13.325 10 13.95
4.43364 2.54591 2.55881 1.79624 17.9428 6.32109 10 1.05 12 1.675 2.3 5 7.7 5 12 7.5 10 7.5 13.8 7.5 18.2 7.5 5 10 12 13.325 10 13.95
4.43364 2.54591 2.55881 1.79624 17.9428 6.32109 10 1.05 12 1.675 2.3 5 7.7 5 12 7.5 10 7.5 13.8 7.5 18.2 7.5 5 10 12 13.325 10 13.95
4.55568 2.61733 2.55881 1.79624 17.9428 6.32109 10 1.05 12 1.675 2.3 5 7.7 5 12 7.5 10 7.5 13.8 7.5 18.2 7.5 5 10 12 13.325 10 13.95
4.55568 2.61733 2.55881 1.79624 17.9428 6.32109 10 1.05 12 1.675 2.3 5 7.7 5 12 7.5 10 7.5 13.8 7.5 18.2 7.5 5 10 12 13.325 10 13.95
4.69248 2.58154 2.55881 1.79624 17.9428 6.32109 10 1.05 12 1.675 2.3 5 7.7 5 12 7.5 10 7.5 13.8 7.5 18.2 7.5 5 10 12 13.325 10 13.95
4.82927 2.54574 2.55881 1.79624 17.9428 6.32109 10 1.05 12 1.675 2.3 5 7.7 5 12 7.5 10 7.5 13.8 7.5 18.2 7.5 5 10 12 13.325 10 13.95
4.82927 2.54574 2.55881 1.79624 17.9428 6.32109 10 1.05 12 1.675 2.3 5 7.7 5 12 7.5 10 7.5 13.8 7.5 18.2 7.5 5 10 12 13.325 10 13.95
4.95131 2.61716 2.55881 1.79624 17.9428 6.32109 10 1.05 12 1.675 2.3 5 7.7 5 12 7.5 10 7.5 13.8 7.5 18.2 7.5 5 10 12 13.325 10 13.95
4.95131 2.61716 2.55881 1.79624 17.9428 6.32109 10 1.05 12 1.675 2.3 5 7.7 5 12 7.5 10 7.5 13.8 7.5 18.2 7.5 5 10 12 13.325 10 13.95
5.0881 2.58137 2.55881 1.79624 17.9428 6.32109 10 1.05 12 1.675 2.3 5 7.7 5 12 7.5 10 7.5 13.8 7.5 18.2 7.5 5 10 12 13.325 10 13.95
5.2249 2.54558 2.55881 1.79624 17.9428 6.32109 10 1.05 12 1.675 2.3 5 7.7 5 12 7.5 10 7.5 13.8 7.5 18.2 7.5 5 10 12 13.325 10 13.95
5.2249 2.54558 2.55881 1.79624 17.9428 6.32109 10 1.05 12 1.675 2.3 5 7.7 5 12 7.5 10 7.5 13.8 7.5 18.2 7.5 5 10 12 13.325 10 13.95
5.34694 2.617 2.55881 1.79624 17.9428 6.32109 10 1.05 12 1.675 2.3 5 7.7 5 12 7.5 10 7.5 13.8 7.5 18.2 7.5 5 10 12 13.325 10 13.95
5.34694 2.617 2.55881 1.79624 17.9428 6.32109 10 1.05 12 1.675 2.3 5 7.7 5 12 7.5 10 7.5 13.8 7.5 18.2 7.5 5 10 12 13.325 10 13.95
5.34694 2.617 2.55881 1.79624 17.9428 6.32109 10 1.05 12 1.675 2.3 5 7.7 5 12 7.5 10 7.5 13.8 7.5 18.2 7.5 5 10 12 13.325 10 13.95
5.34694 2.617 2.55881 1.79624 17.9428 6.32109 10 1.05 12 1.675 2.3 5 7.7 5 12 7.5 10 7.5 13.8 7.5 18.2 7.5 5 10 12 13.325 10 13.95
5.48373 2.58121 2.55881 1.79624 17.9428 6.32109 10 1.05 12 1.675 2.3 5 7.7 5 12 7.5 10 7.5 13.8 7.5 18.2 7.5 5 10 12 13.325 10 13.95
5.62053 2.54542 2.55881 1.79624 17.9428 6.32109 10 1.05 12 1.675 2.3 5 7.7 5 12 7.5 10 7.5 13.8 7.5 18.2 7.5 5 10 12 13.325 10 13.95
5.62053 2.54542 2.55881 1.79624 17.9428 6.32109 10 1.05 12 1.675 2.3 5 7.7 5 12 7.5 10 7.5 13.8 7.5 18.2 7.5 5 10 12 13.325 10 13.95
5.74256 2.61684 2.55881 1.79624 17.9428 6.32109 10 1.05 12 1.675 2.3 5 7.7 5 12 7.5 10 7.5 13.8 7.5 18.2 7.5 5 10 12 13.325 10 13.95
5.74256 2.61684 2.55881 1.79624 17.9428 6.32109 10 1.05 12 1.675 2.3 5 7.7 5 12 7.5 10 7.5 13.8 7.5 18.2 7.5 5 10 12 13.325 10 13.95
5.74256 2.61684 2.55881 1.79624 17.9428 6.32109 10 1.05 12 1.675 2.3 5 7.7 5 12 7.5 10 7.5 13.8 7.5 18.2 7.5 5 10 12 13.325 10 13.95
5.74256 2.61684 2.55881 1.79624 17.9428 6.32109 10 1.05 12 1.675 2.3 5 7.7 5 12 7.5 10 7.5 13.8 7.5 18.2 7.5 5 10 12 13.325 10 13.95
5.87936 2.58105 2.55881 1.79624 17.9428 6.32109 10 1.05 12 1.675 2.3 5 7.7 5 12 7.5 10 7.5 13.8 7.5 18.2 7.5 5 10 12 13.325 10 13.95
6.01615 2.54525 2.55881 1.79624 17.9428 6.32109 10 1.05 12 1.675 2.3 5 7.7 5 12 7.5 10 7.5 13.8 7.5 18.2 7.5 5 10 12 13.325 10 13.95
6.01615 2.54525 2.55881 1.79624 17.9428 6.32109 10 1.05 12 1.675 2.3 5 7.7 5 12 7.5 10 7.5 13.8 7.5 18.2 7.5 5 10 12 13.325 10 13.95
6.13819 2.61667 2.55881 1.79624 17.9428 6.32109 10 1.05 12 1.675 2.3 5 7.7 5 12 7.5 10 7.5 13.8 7.5 18.2 7.5 5 10 12 13.325 10 13.95
6.13819 2.61667 2.55881 1.79624 17.9428 6.32109 10 1.05 12 1.675 2.3 5 7.7 5 12 7.5 10 7.5 13.8 7.5 18.2 7.5 5 10 12 13.325 10 13.95
6.13819 2.61667 2.55881 1.79624 17.9428 6.32109 10 1.05 12 1.675 2.3 5 7.7 5 12 7.5 10 7.5 13.8 7.5 18.2 7.5 5 10 12 13.325 10 13.95
6.13819 2.61667 2.55881 1.79624 17.9428 6.32109 10 1.05 12 1.675 2.3 5 7.7 5 12 7.5 10 7.5 13.8 7.5 18.2 7.5 5 10 12 13.325 10 13.95
6.27499 2.58088 2.55881 1.79624 17.9428 6.32109 10 1.05 12 1.675 2.3 5 7.7 5 12 7.5 10 7.5 13.8 7.5 18.2 7.5 5 10 12 13.325 10 13.95
6.41178 2.54509 2.55881 1.79624 17.9428 6.32109 10 1.05 12 1.675 2.3 5 7.7 5 12 7.5 10 7.5 13.8 7.5 18.2 7.5 5 10 12 13.325 10 13.95
6.41178 2.54509 2.55881 1.79624 17.9428 6.32109 10 1.05 12 1.675 2.3 5 7.7 5 12 7.5 10 7.5 13.8 7.5 18.2 7.5 5 10 12 13.325 10 13.95
6.53382 2.61651 2.55881 1.79624 17.9428 6.32109 10 1.05 12 1.675 2.3 5 7.7 5 12 7.5 10 7.5 13.8 7.5 18.2 7.5 5 10 12 13.325 10 13.95
6.53382 2.61651 2.55881 1.79624 17.9428 6.32109 10 1.05 12 1.675 2.3 5 7.7 5 12 7.5 10 7.5 13.8 7.5 18.2 7.5 5 10 12 13.325 10 13.95
6.67061 2.58072 2.55881 1.79624 17.9428 6.32109 10 1.05 12 1.675 2.3 5 7.7 5 12 7.5 10 7.5 13.8 7.5 18.2 7.5 5 10 12 13.325 10 13.95
6.80741 2.54493 2.55881 1.79624 17.9428 6.32109 10 1.05 12 1.675 2.3 5 7.7 5 12 7.5 10 7.5 13.8 7.5 18.2 7.5 5 10 12 13.325 10 13.95
6.80741 2.54493 2.55881 1.79624 17.9428 6.32109 10 1.05 12 1.675 2.3 5 7.7 5 12 7.5 10 7.5 13.8 7.5 18.2 7.5 5 10 12 13.325 10 13.95
6.92945 2.61635 2.55881 1.79624 17.9428 6.32109 10 1.05 12 1.675 2.3 5 7.7 5 12 7.5 10 7.5 13.8 7.5 18.2 7.5 5 10 12 13.325 10 13.95
6.92945 2.61635 2.55881 1.79624 17.9428 6.32109 10 1.05 12 1.675 2.3 5 7.7 5 12 7.5 10 7.5 13.8 7.5 18.2 7.5 5 10 12 13.325 10 13.95
7.06624 2.58056 2.55881 1.79624 17.9428 6.32109 10 1.05 12 1.675 2.3 5 7.7 5 12 7.5 10 7.5 13.8 7.5 18.2 7.5 5 10 12 13.325 10 13.95
7.20304 2.54476 2.55881 1.79624 17.9428 6.32109 10 1.05 12 1.675 2.3 5 7.7 5 12 7.5 10 7.5 13.8 7.5 18.2 7.5 5 10 12 13.325 10 13.95
7.20304 2.54476 2.55881 1.79624 17.9428 6.32109 10 1.05 12 1.675 2.3 5 7.7 5 12 7.5 10 7.5 13.8 7.5 18.2 7.5 5 10 12 13.325 10 13.95
7.32507 2.61619 2.55881 1.79624 17.9428 6.32109 10 1.05 12 1.675 2.3 5 7.7 5 12 7.5 10 7.5 13.8 7.5 18.2 7.5 5 10 12 13.325 10 13.95
7.32507 2.61619 2.55881 1.79624 17.9428 6.32109 10 1.05 12 1.675 2.3 5 7.7 5 12 7.5 10 7.5 13.8 7.5 18.2 7.5 5 10 12 13.325 10 13.95
7.46187 2.58039 2.55881 1.79624 17.9428 6.32109 10 1.05 12 1.675 2.3 5 7.7 5 12 7.5 10 7.5 13.8 7.5 18.2 7.5 5 10 12 13.325 10 13.95
7.59866 2.5446 2.55881 1.79624 17.9428 6.32109 10 1.05 12 1.675 2.3 5 7.7 5 12 7.5 10 7.5 13.8 7.5 18.2 7.5 5 10 12 13.325 10 13.95
7.73546 2.50881 2.55881 1.79624 17.9428 6.32109 10 1.05 12 1.675 2.3 5 7.7 5 12 7.5 10 7.5 13.8 7.5 18.2 7.5 5 10 12 13.325 10 13.95
7.87226 2.47302 2.55881 1.79624 17.9428 6.32109 10 1.05 12 1.675 2.3 5 7.7 5 12 7.5 10 7.5 13.8 7.5 18.2 7.5 5 10 12 13.325 10 13.95
7.87226 2.47302 2.55881 1.79624 17.9428 6.32109 10 1.05 12 1.675 2.3 5 7.7 5 12 7.5 10 7.5 13.8 7.5 18.2 7.5 5 10 12 13.325 10 13.95
7.99429 2.54444 2.55881 1.79624 17.9428 6.32109 10 1.05 12 1.675 2.3 5 7.7 5 12 7.5 10 7.5 13.8 7.5 18.2 7.5 5 10 12 13.325 10 13.95
8.11633 2.61586 2.55881 1.79624 17.9428 6.32109 10 1.05 12 1.675 2.3 5 7.7 5 12 7.5 10 7.5 13.8 7.5 18.2 7.5 5 10 12 13.325 10 13.95
8.11633 2.61586 2.55881 1.79624 17.9428 6.32109 10 1.05 12 1.675 2.3 5 7.7 5 12 7.5 10 7.5 13.8 7.5 18.2 7.5 5 10 12 13.325 10 13.95
8.25312 2.58007 2.55881 1.79624 17.9428 6.32109 10 1.05 12 1.675 2.3 5 7.7 5 12 7.5 10 7.5 13.8 7.5 18.2 7.5 5 10 12 13.325 10 13.95
8.38992 2.54428 2.55881 1.79624 17.9428 6.32109 10 1.05 12 1.675 2.3 5 7.7 5 12 7.5 10 7.5 13.8 7.5 18.2 7.5 5 10 12 13.325 10 13.95
8.52672 2.50848 2.55881 1.79624 17.9428 6.32109 10 1.05 12 1.675 2.3 5 7.7 5 12 7.5 10 7.5 13.8 7.5 18.2 7.5 5 10 12 13.325 10 13.95
8.66351 2.47269 2.55881 1.79624 17.9428 6.32109 10 1.05 12 1.675 2.3 5 7.7 5 12 7.5 10 7.5 13.8 7.5 18.2 7.5 5 10 12 13.325 10 13.95
8.66351 2.47269 2.55881 1.79624 17.9428 6.32109 10 1.05 12 1.675 2.3 5 7.7 5 12 7.5 10 7.5 13.8 7.5 18.2 7.5 5 10 12 13.325 10 13.95
8.78555 2.54411 2.55881 1.79624 17.9428 6.32109 10 1.05 12 1.675 2.3 5 7.7 5 12 7.5 10 7.5 13.8 7.5 18.2 7.5 5 10 12 13.325 10 13.95
8.90758 2.61553 2.55881 1.79624 17.9428 6.32109 10 1.05 12 1.675 2.3 5 7.7 5 12 7.5 10 7.5 13.8 7.5 18.2 7.5 5 10 12 13.325 10 13.95
8.90758 2.61553 2.55881 1.79624 17.9428 6.32109 10 1.05 12 1.675 2.3 5 7.7 5 12 7.5 10 7.5 13.8 7.5 18.2 7.5 5 10 12 13.325 10 13.95
9.04438 2.57974 2.55881 1.79624 17.9428 6.32109 10 1.05 12 1.675 2.3 5 7.7 5 12 7.5 10 7.5 13.8 7.5 18.2 7.5 5 10 12 13.325 10 13.95
9.18118 2.54395 2.55881 1.79624 17.9428 6.32109 10 1.05 12 1.675 2.3 5 7.7 5 12 7.5 10 7.5 13.8 7.5 18.2 7.5 5 10 12 13.325 10 13.95
9.18118 2.54395 2.55881 1.79624 17.9428 6.32109 10 1.05 12 1.675 2.3 5 7.7 5 12 7.5 10 7.5 13.8 7.5 18.2 7.5 5 10 12 13.325 10 13.95
9.30321 2.61537 2.55881 1.79624 17.9428 6.32109 10 1.05 12 1.675 2.3 5 7.7 5 12 7.5 10 7.5 13.8 7.5 18.2 7.5 5 10 12 13.325 10 13.95
9.30321 2.61537 2.55881 1.79624 17.9428 6.32109 10 1.05 12 1.675 2.3 5 7.7 5 12 7.5 10 7.5 13.8 7.5 18.2 7.5 5 10 12 13.325 10 13.95
9.30321 2.61537 2.55881 1.79624 17.9428 6.32109 10 1.05 12 1.675 2.3 5 7.7 5 12 7.5 10 7.5 13.8 7.5 18.2 7.5 5 10 12 13.325 10 13.95
9.30321 2.61537 2.55881 1.79624 17.9428 6.32109 10 1.05 12 1.675 2.3 5 7.7 5 12 7.5 10 7.5 13.8 7.5 18.2 7.5 5 10 12 13.325 10 13.95
9.44001 2.57958 2.55881 1.79624 17.9428 6.32109 10 1.05 12 1.675 2.3 5 7.7 5 12 7.5 10 7.5 13.8 7.5 18.2 7.5 5 10 12 13.325 10 13.95
9.5768 2.54379 2.55881 1.79624 17.9428 6.32109 10 1.05 12 1.675 2.3 5 7.7 5 12 7.5 10 7.5 13.8 7.5 18.2 7.5 5 10 12 13.325 10 13.95
9.7136 2.50799 2.55881 1.79624 17.9428 6.32109 10 1.05 12 1.675 2.3 5 7.7 5 12 7.5 10 7.5 13.8 7.5 18.2 7.5 5 10 12 13.325 10 13.95
9.85039 2.4722 2.55881 1.79624 17.9428 6.32109 10 1.05 12 1.675 2.3 5 7.7 5 12 7.5 10 7.5 13.8 7.5 18.2 7.5 5 10 12 13.325 10 13.95
9.98719 2.43641 2.55881 1.79624 17.9428 6.32109 10 1.05 12 1.675 2.3 5 7.7 5 12 7.5 10 7.5 13.8 7.5 18.2 7.5 5 10 12 13.325 10 13.95
9.98719 2.43641 2.55881 1.79624 17.9428 6.32109 10 1.05 12 1.675 2.3 5 7.7 5 12 7.5 10 7.5 13.8 7.5 18.2 7.5 5 10 12 13.325 10 13.95
9.98719 2.43641 2.55881 1.79624 17.9428 6.32109 10 1.05 12 1.675 2.3 5 7.7 5 12 7.5 10 7.5 13.8 7.5 18.2 7.5 5 10 12 13.325 10 13.95
9.98719 2.43641 2.55881 1.79624 17.9428 6.32109 10 1.05 12 1.675 2.3 5 7.7 5 12 7.5 10 7.5 13.8 7.5 18.2 7.5 5 10 12 13.325 10 13.95
10.1092 2.50783 2.55881 1.79624 17.9428 6.32109 10 1.05 12 1.675 2.3 5 7.7 5 12 7.5 10 7.5 13.8 7.5 18.2 7.5 5 10 12 13.325 10 13.95
10.1092 2.50783 2.55881 1.79624 17.9428 6.32109 10 1.05 12 1.675 2.3 5 7.7 5 12 7.5 10 7.5 13.8 7.5 18.2 7.5 5 10 12 13.325 10 13.95
10.1092 2.50783 2.55881 1.79624 17.9428 6.32109 10 1.05 12 1.675 2.3 5 7.7 5 12 7.5 10 7.5 13.8 7.5 18.2 7.5 5 10 12 13.325 10 13.95
10.1806 2.38579 2.55881 1.79624 17.9428 6.32109 10 1.05 12 1.675 2.3 5 7.7 5 12 7.5 10 7.5 13.8 7.5 18.2 7.5 5 10 12 13.325 10 13.95
10.1806 2.38579 2.55881 1.79624 17.9428 6.32109 10 1.05 12 1.675 2.3 5 7.7 5 12 7.5 10 7.5 13.8 7.5 18.2 7.5 5 10 12 13.325 10 13.95
10.1806 2.38579 2.55881 1.79624 17.9428 6.32109 10 1.05 12 1.675 2.3 5 7.7 5 12 7.5 10 7.5 13.8 7.5 18.2 7.5 5 10 12 13.325 10 13.95
10.3027 2.45721 2.55881 1.79624 17.9428 6.32109 10 1.05 12 1.675 2.3 5 7.7 5 12 7.5 10 7.5 13.8 7.5 18.2 7.5 5 10 12 13.325 10 13.95
10.4247 2.52863 2.55881 1.79624 17.9428 6.32109 10 1.05 12 1.675 2.3 5 7.7 5 12 7.5 10 7.5 13.8 7.5 18.2 7.5 5 10 12 13.325 10 13.95
10.5468 2.60005 2.55881 1.79624 17.9428 6.32109 10 1.05 12 1.675 2.3 5 7.7 5 12 7.5 10 7.5 13.8 7.5 18.2 7.5 5 10 12 13.325 10 13.95
10.6688 2.67147 2.55881 1.79624 17.9428 6.32109 10 1.05 12 1.675 2.3 5 7.7 5 12 7.5 10 7.5 13.8 7.5 18.2 7.5 5 10 12 13.325 10 13.95
10.7908 2.74289 2.55881 1.79624 17.9428 6.32109 10 1.05 12 1.675 2.3 5 7.7 5 12 7.5 10 7.5 13.8 7.5 18.2 7.5 5 10 12 13.325 10 13.95
10.9129 2.81431 2.55881 1.79624 17.9428 6.32109 10 1.05 12 1.675 2.3 5 7.7 5 12 7.5 10 7.5 13.8 7.5 18.2 7.5 5 10 12 13.325 10 13.95
11.0349 2.88573 2.55881 1.79624 17.9428 6.32109 10 1.05 12 1.675 2.3 5 7.7 5 12 7.5 10 7.5 13.8 7.5 18.2 7.5 5 10 12 13.325 10 13.95
11.1569 2.95716 2.55881 1.79624 17.9428 6.32109 10 1.05 12 1.675 2.3 5 7.7 5 12 7.5 10 7.5 13.8 7.5 18.2 7.5 5 10 12 13.325 10 13.95
11.279 3.02858 2.55881 1.79624 17.9428 6.32109 10 1.05 12 1.675 2.3 5 7.7 5 12 7.5 10 7.5 13.8 7.5 18.2 7.5 5 10 12 13.325 10 13.95
11.401 3.1 2.55881 1.79624 17.9428 6.32109 10 1.05 12 1.675 2.3 5 7.7 5 12 7.5 10 7.5 13.8 7.5 18.2 7.5 5 10 12 13.325 10 13.95
11.401 3.1 2.55881 1.79624 17.9428 6.32109 10 1.05 12 1.675 2.3 5 7.7 5 12 7.5 10 7.5 13.8 7.5 18.2 7.5 5 10 12 13.325 10 13.95
11.4368 3.23679 2.55881 1.79624 17.9428 6.32109 10 1.05 12 1.675 2.3 5 7.7 5 12 7.5 10 7.5 13.8 7.5 18.2 7.5 5 10 12 13.325 10 13.95
11.4726 3.37359 2.55881 1.79624 17.9428 6.32109 10 1.05 12 1.675 2.3 5 7.7 5 12 7.5 10 7.5 13.8 7.5 18.2 7.5 5 10 12 13.325 10 13.95
11.5084 3.51038 2.55881 1.79624 17.9428 6.32109 10 1.05 12 1.675 2.3 5 7.7 5 12 7.5 10 7.5 13.8 7.5 18.2 7.5 5 10 12 13.325 10 13.95
11.5442 3.64718 2.55881 1.79624 17.9428 6.32109 10 1.05 12 1.675 2.3 5 7.7 5 12 7.5 10 7.5 13.8 7.5 18.2 7.5 5 10 12 13.325 10 13.95
11.58 3.78397 2.55881 1.79624 17.9428 6.32109 10 1.05 12 1.675 2.3 5 7.7 5 12 7.5 10 7.5 13.8 7.5 18.2 7.5 5 10 12 13.325 10 13.95
11.58 3.78397 2.55881 1.79624 17.9428 6.32109 10 1.05 12 1.675 2.3 5 7.7 5 12 7.5 10 7.5 13.8 7.5 18.2 7.5 5 10 12 13.325 10 13.95
11.58 3.78397 2.55881 1.79624 17.9428 6.32109 10 1.05 12 1.675 2.3 5 7.7 5 12 7.5 10 7.5 13.8 7.5 18.2 7.5 5 10 12 13.325 10 13.95
11.58 3.78397 2.55881 1.79624 17.9428 6.32109 10 1.05 12 1.675 2.3 5 7.7 5 12 7.5 10 7.5 13.8 7.5 18.2 7.5 5 10 12 13.325 10 13.95
11.702 3.85539 2.55881 1.79624 17.9428 6.32109 10 1.05 12 1.675 2.3 5 7.7 5 12 7.5 10 7.5 13.8 7.5 18.2 7.5 5 10 12 13.325 10 13.95
11.702 3.85539 2.55881 1.79624 17.9428 6.32109 10 1.05 12 1.675 2.3 5 7.7 5 12 7.5 10 7.5 13.8 7.5 18.2 7.5 5 10 12 13.325 10 13.95
11.702 3.85539 2.55881 1.79624 17.9428 6.32109 10 1.05 12 1.675 2.3 5 7.7 5 12 7.5 10 7.5 13.8 7.5 18.2 7.5 5 10 12 13.325 10 13.95
11.7734 3.73335 2.55881 1.79624 17.9428 6.32109 10 1.05 12 1.675 2.3 5 7.7 5 12 7.5 10 7.5 13.8 7.5 18.2 7.5 5 10 12 13.325 10 13.95
11.7734 3.73335 2.55881 1.79624 17.9428 6.32109 10 1.05 12 1.675 2.3 5 7.7 5 12 7.5 10 7.5 13.8 7.5 18.2 7.5 5 10 12 13.325 10 13.95
11.8092 3.87015 2.55881 1.79624 17.9428 6.32109 10 1.05 12 1.675 2.3 5 7.7 5 12 7.5 10 7.5 13.8 7.5 18.2 7.5 5 10 12 13.325 10 13.95
11.8092 3.87015 2.55881 1.79624 17.9428 6.32109 10 1.05 12 1.675 2.3 5 7.7 5 12 7.5 10 7.5 13.8 7.5 18.2 7.5 5 10 12 13.325 10 13.95
11.8806 3.74811 2.55881 1.79624 17.9428 6.32109 10 1.05 12 1.675 2.3 5 7.7 5 12 7.5 10 7.5 13.8 7.5 18.2 7.5 5 10 12 13.325 10 13.95
11.8806 3.74811 2.55881 1.79624 17.9428 6.32109 10 1.05 12 1.675 2.3 5 7.7 5 12 7.5 10 7.5 13.8 7.5 18.2 7.5 5 10 12 13.325 10 13.95
11.8806 3.74811 2.55881 1.79624 17.9428 6.32109 10 1.05 12 1.675 2.3 5 7.7 5 12 7.5 10 7.5 13.8 7.5 18.2 7.5 5 10 12 13.325 10 13.95
12.0027 3.81953 2.55881 1.79624 17.9428 6.32109 10 1.05 12 1.675 2.3 5 7.7 5 12 7.5 10 7.5 13.8 7.5 18.2 7.5 5 10 12 13.325 10 13.95
12.0027 3.81953 2.55881 1.79624 17.9428 6.32109 10 1.05 12 1.675 2.3 5 7.7 5 12 7.5 10 7.5 13.8 7.5 18.2 7.5 5 10 12 13.325 10 13.95
12.0027 3.81953 2.55881 1.79624 17.9428 6.32109 10 1.05 12 1.675 2.3 5 7.7 5 12 7.5 10 7.5 13.8 7.5 18.2 7.5 5 10 12 13.325 10 13.95
12.0741 3.69749 2.55881 1.79624 17.9428 6.32109 10 1.05 12 1.675 2.3 5 7.7 5 12 7.5 10 7.5 13.8 7.5 18.2 7.5 5 10 12 13.325 10 13.95
12.0741 3.69749 2.55881 1.79624 17.9428 6.32109 10 1.05 12 1.675 2.3 5 7.7 5 12 7.5 10 7.5 13.8 7.5 18.2 7.5 5 10 12 13.325 10 13.95
12.1099 3.83429 2.55881 1.79624 17.9428 6.32109 10 1.05 12 1.675 2.3 5 7.7 5 12 7.5 10 7.5 13.8 7.5 18.2 7.5 5 10 12 13.325 10 13.95
12.1099 3.83429 2.55881 1.79624 17.9428 6.32109 10 1.05 12 1.675 2.3 5 7.7 5 12 7.5 10 7.5 13.8 7.5 18.2 7.5 5 10 12 13.325 10 13.95
12.1099 3.83429 2.55881 1.79624 17.9428 6.32109 10 1.05 12 1.675 2.3 5 7.7 5 12 7.5 10 7.5 13.8 7.5 18.2 7.5 5 10 12 13.325 10 13.95
12.2467 3.7985 2.55881 1.79624 17.9428 6.32109 10 1.05 12 1.675 2.3 5 7.7 5 12 7.5 10 7.5 13.8 7.5 18.2 7.5 5 10 12 13.325 10 13.95
12.3835 3.76271 2.55881 1.79624 17.9428 6.32109 10 1.05 12 1.675 2.3 5 7.7 5 12 7.5 10 7.5 13.8 7.5 18.2 7.5 5 10 12 13.325 10 13.95
12.5203 3.72691 2.55881 1.79624 17.9428 6.32109 10 1.05 12 1.675 2.3 5 7.7 5 12 7.5 10 7.5 13.8 7.5 18.2 7.5 5 10 12 13.325 10 13.95
12.5203 3.72691 2.55881 1.79624 17.9428 6.32109 10 1.05 12 1.675 2.3 5 7.7 5 12 7.5 10 7.5 13.8 7.5 18.2 7.5 5 10 12 13.325 10 13.95
12.6423 3.79834 2.55881 1.79624 17.9428 6.32109 10 1.05 12 1.675 2.3 5 7.7 5 12 7.5 10 7.5 13.8 7.5 18.2 7.5 5 10 12 13.325 10 13.95
12.6423 3.79834 2.55881 1.79624 17.9428 6.32109 10 1.05 12 1.675 2.3 5 7.7 5 12 7.5 10 7.5 13.8 7.5 18.2 7.5 5 10 12 13.325 10 13.95
12.6423 3.79834 2.55881 1.79624 17.9428 6.32109 10 1.05 12 1.675 2.3 5 7.7 5 12 7.5 10 7.5 13.8 7.5 18.2 7.5 5 10 12 13.325 10 13.95
12.6423 3.79834 2.55881 1.79624 17.9428 6.32109 10 1.05 12 1.675 2.3 5 7.7 5 12 7.5 10 7.5 13.8 7.5 18.2 7.5 5 10 12 13.325 10 13.95
12.7791 3.76254 2.55881 1.79624 17.9428 6.32109 10 1.05 12 1.675 2.3 5 7.7 5 12 7.5 10 7.5 13.8 7.5 18.2 7.5 5 10 12 13.325 10 13.95
12.9159 3.72675 2.55881 1.79624 17.9428 6.32109 10 1.05 12 1.675 2.3 5 7.7 5 12 7.5 10 7.5 13.8 7.5 18.2 7.5 5 10 12 13.325 10 13.95
13.0527 3.69096 2.55881 1.79624 17.9428 6.32109 10 1.05 12 1.675 2.3 5 7.7 5 12 7.5 10 7.5 13.8 7.5 18.2 7.5 5 10 12 13.325 10 13.95
13.0527 3.69096 2.55881 1.79624 17.9428 6.32109 10 1.05 12 1.675 2.3 5 7.7 5 12 7.5 10 7.5 13.8 7.5 18.2 7.5 5 10 12 13.325 10 13.95
13.1747 3.76238 2.55881 1.79624 17.9428 6.32109 10 1.05 12 1.675 2.3 5 7.7 5 12 7.5 10 7.5 13.8 7.5 18.2 7.5 5 10 12 13.325 10 13.95
13.2968 3.8338 2.55881 1.79624 17.9428 6.32109 10 1.05 12 1.675 2.3 5 7.7 5 12 7.5 10 7.5 13.8 7.5 18.2 7.5 5 10 12 13.325 10 13.95
13.2968 3.8338 2.55881 1.79624 17.9428 6.32109 10 1.05 12 1.675 2.3 5 7.7 5 12 7.5 10 7.5 13.8 7.5 18.2 7.5 5 10 12 13.325 10 13.95
13.3326 3.9706 2.55881 1.79624 17.9428 6.32109 10 1.05 12 1.675 2.3 5 7.7 5 12 7.5 10 7.5 13.8 7.5 18.2 7.5 5 10 12 13.325 10 13.95
13.3326 3.9706 2.55881 1.79624 17.9428 6.32109 10 1.05 12 1.675 2.3 5 7.7 5 12 7.5 10 7.5 13.8 7.5 18.2 7.5 5 10 12 13.325 10 13.95
13.3326 3.9706 2.55881 1.79624 17.9428 6.32109 10 1.05 12 1.675 2.3 5 7.7 5 12 7.5 10 7.5 13.8 7.5 18.2 7.5 5 10 12 13.325 10 13.95
13.4694 3.9348 2.55881 1.79624 17.9428 6.32109 10 1.05 12 1.675 2.3 5 7.7 5 12 7.5 10 7.5 13.8 7.5 18.2 7.5 5 10 12 13.325 10 13.95
13.6062 3.89901 2.55881 1.79624 17.9428 6.32109 10 1.05 12 1.675 2.3 5 7.7 5 12 7.5 10 7.5 13.8 7.5 18.2 7.5 5 10 12 13.325 10 13.95
13.743 3.86322 2.55881 1.79624 17.9428 6.32109 10 1.05 12 1.675 2.3 5 7.7 5 12 7.5 10 7.5 13.8 7.5 18.2 7.5 5 10 12 13.325 10 13.95
13.743 3.86322 2.55881 1.79624 17.9428 6.32109 10 1.05 12 1.675 2.3 5 7.7 5 12 7.5 10 7.5 13.8 7.5 18.2 7.5 5 10 12 13.325 10 13.95
13.865 3.93464 2.55881 1.79624 17.9428 6.32109 10 1.05 12 1.675 2.3 5 7.7 5 12 7.5 10 7.5 13.8 7.5 18.2 7.5 5 10 12 13.325 10 13.95
13.987 4.00606 2.55881 1.79624 17.9428 6.32109 10 1.05 12 1.675 2.3 5 7.7 5 12 7.5 10 7.5 13.8 7.5 18.2 7.5 5 10 12 13.325 10 13.95
14.1091 4.07748 2.55881 1.79624 17.9428 6.32109 10 1.05 12 1.675 2.3 5 7.7 5 12 7.5 10 7.5 13.8 7.5 18.2 7.5 5 10 12 13.325 10 13.95
14.2311 4.1489 2.55881 1.79624 17.9428 6.32109 10 1.05 12 1.675 2.3 5 7.7 5 12 7.5 10 7.5 13.8 7.5 18.2 7.5 5 10 12 13.325 10 13.95
14.3531 4.22032 2.55881 1.79624 17.9428 6.32109 10 1.05 12 1.675 2.3 5 7.7 5 12 7.5 10 7.5 13.8 7.5 18.2 7.5 5 10 12 13.325 10 13.95
14.4752 4.29174 2.55881 1.79624 17.9428 6.32109 10 1.05 12 1.675 2.3 5 7.7 5 12 7.5 10 7.5 13.8 7.5 18.2 7.5 5 10 12 13.325 10 13.95
14.5972 4.36316 2.55881 1.79624 17.9428 6.32109 10 1.05 12 1.675 2.3 5 7.7 5 12 7.5 10 7.5 13.8 7.5 18.2 7.5 5 10 12 13.325 10 13.95
14.7193 4.43458 2.55881 1.79624 17.9428 6.32109 10 1.05 12 1.675 2.3 5 7.7 5 12 7.5 10 7.5 13.8 7.5 18.2 7.5 5 10 12 13.325 10 13.95
14.8413 4.506 2.55881 1.79624 17.9428 6.32109 10 1.05 12 1.675 2.3 5 7.7 5 12 7.5 10 7.5 13.8 7.5 18.2 7.5 5 10 12 13.325 10 13.95
14.9633 4.57742 2.55881 1.79624 17.9428 6.32109 10 1.05 12 1.675 2.3 5 7.7 5 12 7.5 10 7.5 13.8 7.5 18.2 7.5 5 10 12 13.325 10 13.95
15.0854 4.64884 2.55881 1.79624 17.9428 6.32109 10 1.05 12 1.675 2.3 5 7.7 5 12 7.5 10 7.5 13.8 7.5 18.2 7.5 5 10 12 13.325 10 13.95
15.2074 4.72026 2.55881 1.79624 17.9428 6.32109 10 1.05 12 1.675 2.3 5 7.7 5 12 7.5 10 7.5 13.8 7.5 18.2 7.5 5 10 12 13.325 10 13.95
15.2074 4.72026 2.55881 1.79624 17.9428 6.32109 10 1.05 12 1.675 2.3 5 7.7 5 12 7.5 10 7.5 13.8 7.5 18.2 7.5 5 10 12 13.325 10 13.95
15.2074 4.72026 2.55881 1.79624 17.9428 6.32109 10 1.05 12 1.675 2.3 5 7.7 5 12 7.5 10 7.5 13.8 7.5 18.2 7.5 5 10 12 13.325 10 13.95
15.2074 4.72026 2.55881 1.79624 17.9428 6.32109 10 1.05 12 1.675 2.3 5 7.7 5 12 7.5 10 7.5 13.8 7.5 18.2 7.5 5 10 12 13.325 10 13.95
15.3442 4.68447 2.55881 1.79624 17.9428 6.32109 10 1.05 12 1.675 2.3 5 7.7 5 12 7.5 10 7.5 13.8 7.5 18.2 7.5 5 10 12 13.325 10 13.95
15.3442 4.68447 2.55881 1.79624 17.9428 6.32109 10 1.05 12 1.675 2.3 5 7.7 5 12 7.5 10 7.5 13.8 7.5 18.2 7.5 5 10 12 13.325 10 13.95
15.4662 4.75589 2.55881 1.79624 17.9428 6.32109 10 1.05 12 1.675 2.3 5 7.7 5 12 7.5 10 7.5 13.8 7.5 18.2 7.5 5 10 12 13.325 10 13.95
15.5883 4.82731 2.55881 1.79624 17.9428 6.32109 10 1.05 12 1.675 2.3 5 7.7 5 12 7.5 10 7.5 13.8 7.5 18.2 7.5 5 10 12 13.325 10 13.95
15.7103 4.89873 2.55881 1.79624 17.9428 6.32109 10 1.05 12 1.675 2.3 5 7.7 5 12 7.5 10 7.5 13.8 7.5 18.2 7.5 5 10 12 13.325 10 13.95
15.8323 4.97015 2.55881 1.79624 17.9428 6.32109 10 1.05 12 1.675 2.3 5 7.7 5 12 7.5 10 7.5 13.8 7.5 18.2 7.5 5 10 12 13.325 10 13.95
15.9544 5.04157 2.55881 1.79624 17.9428 6.32109 10 1.05 12 1.675 2.3 5 7.7 5 12 7.5 10 7.5 13.8 7.5 18.2 7.5 5 10 12 13.325 10 13.95
16.0764 5.11299 2.55881 1.79624 17.9428 6.32109 10 1.05 12 1.675 2.3 5 7.7 5 12 7.5 10 7.5 13.8 7.5 18.2 7.5 5 10 12 13.325 10 13.95
16.1985 5.18441 2.55881 1.79624 17.9428 6.32109 10 1.05 12 1.675 2.3 5 7.7 5 12 7.5 10 7.5 13.8 7.5 18.2 7.5 5 10 12 13.325 10 13.95
16.3205 5.25583 2.55881 1.79624 17.9428 6.32109 10 1.05 12 1.675 2.3 5 7.7 5 12 7.5 10 7.5 13.8 7.5 18.2 7.5 5 10 12 13.325 10 13.95
16.4425 5.32725 2.55881 1.79624 17.9428 6.32109 10 1.05 12 1.675 2.3 5 7.7 5 12 7.5 10 7.5 13.8 7.5 18.2 7.5 5 10 12 13.325 10 13.95
16.5646 5.39867 2.55881 1.79624 17.9428 6.32109 10 1.05 12 1.675 2.3 5 7.7 5 12 7.5 10 7.5 13.8 7.5 18.2 7.5 5 10 12 13.325 10 13.95
16.6866 5.47009 2.55881 1.79624 17.9428 6.32109 10 1.05 12 1.675 2.3 5 7.7 5 12 7.5 10 7.5 13.8 7.5 18.2 7.5 5 10 12 13.325 10 13.95
16.8086 5.54151 2.55881 1.79624 17.9428 6.32109 10 1.05 12 1.675 2.3 5 7.7 5 12 7.5 10 7.5 13.8 7.5 18.2 7.5 5 10 12 13.325 10 13.95
16.9307 5.61293 2.55881 1.79624 17.9428 6.32109 10 1.05 12 1.675 2.3 5 7.7 5 12 7.5 10 7.5 13.8 7.5 18.2 7.5 5 10 12 13.325 10 13.95
17.0527 5.68435 2.55881 1.79624 17.9428 6.32109 10 1.05 12 1.675 2.3 5 7.7 5 12 7.5 10 7.5 13.8 7.5 18.2 7.5 5 10 12 13.325 10 13.95
17.1748 5.75577 2.55881 1.79624 17.9428 6.32109 10 1.05 12 1.675 2.3 5 7.7 5 12 7.5 10 7.5 13.8 7.5 18.2 7.5 5 10 12 13.325 10 13.95
17.2968 5.82719 2.55881 1.79624 17.9428 6.32109 10 1.05 12 1.675 2.3 5 7.7 5 12 7.5 10 7.5 13.8 7.5 18.2 7.5 5 10 12 13.325 10 13.95
17.4188 5.89861 2.55881 1.79624 17.9428 6.32109 10 1.05 12 1.675 2.3 5 7.7 5 12 7.5 10 7.5 13.8 7.5 18.2 7.5 5 10 12 13.325 10 13.95
17.5409 5.97004 2.55881 1.79624 17.9428 6.32109 10 1.05 12 1.675 2.3 5 7.7 5 12 7.5 10 7.5 13.8 7.5 18.2 7.5 5 10 12 13.325 10 13.95
17.6629 6.04146 2.55881 1.79624 17.9428 6.32109 10 1.05 12 1.675 2.3 5 7.7 5 12 7.5 10 7.5 13.8 7.5 18.2 7.5 5 10 12 13.325 10 13.95
17.7849 6.11288 2.55881 1.79624 17.9428 6.32109 10 1.05 12 1.675 2.3 5 7.7 5 12 7.5 10 7.5 13.8 7.5 18.2 7.5 5 10 12 13.325 10 13.95
17.907 6.1843 2.55881 1.79624 17.9428 6.32109 10 1.05 12 1.675 2.3 5 7.7 5 12 7.5 10 7.5 13.8 7.5 18.2 7.5 5 10 12 13.325 10 13.95
17.907 6.1843 2.55881 1.79624 17.9428 6.32109 10 1.05 12 1.675 2.3 5 7.7 5 12 7.5 10 7.5 13.8 7.5 18.2 7.5 5 10 12 13.325 10 13.95
17.9249 6.25269 2.55881 1.79624 17.9428 6.32109 10 1.05 12 1.675 2.3 5 7.7 5 12 7.5 10 7.5 13.8 7.5 18.2 7.5 5 10 12 13.325 10 13.95
17.9428 6.32109 2.55881 1.79624 17.9428 6.32109 10 1.05 12 1.675 2.3 5 7.7 5 12 7.5 10 7.5 13.8 7.5 18.2 7.5 5 10 12 13.325 10 13.95
2.55881 1.79624 2.55881 1.79624 17.9428 6.32109 10 1.05 12 1.675 2.3 5 7.7 5 12 7.5 10 7.5 13.8 7.5 18.2 7.5 5 10 12 13.325 10 13.95
2.55881 1.79624 2.55881 1.79624 17.9428 6.32109 10 1.05 12 1.675 2.3 5 7.7 5 12 7.5 10 7.5 13.8 7.5 18.2 7.5 5 10 12 13.325 10 13.95
2.55881 1.79624 2.55881 1.79624 17.9428 6.32109 10 1.05 12 1.675 2.3 5 7.7 5 12 7.5 10 7.5 13.8 7.5 18.2 7.5 5 10 12 13.325 10 13.95
2.68085 1.86766 2.55881 1.79624 17.9428 6.32109 10 1.05 12 1.675 2.3 5 7.7 5 12 7.5 10 7.5 13.8 7.5 18.2 7.5 5 10 12 13.325 10 13.95
2.80288 1.93908 2.55881 1.79624 17.9428 6.32109 10 1.05 12 1.675 2.3 5 7.7 5 12 7.5 10 7.5 13.8 7.5 18.2 7.5 5 10 12 13.325 10 13.95
2.92492 2.0105 2.55881 1.79624 17.9428 6.32109 10 1.05 12 1.675 2.3 5 7.7 5 12 7.5 10 7.5 13.8 7.5 18.2 7.5 5 10 12 13.325 10 13.95
3.04696 2.08192 2.55881 1.79624 17.9428 6.32109 10 1.05 12 1.675 2.3 5 7.7 5 12 7.5 10 7.5 13.8 7.5 18.2 7.5 5 10 12 13.325 10 13.95
3.169 2.15334 2.55881 1.79624 17.9428 6.32109 10 1.05 12 1.675 2.3 5 7.7 5 12 7.5 10 7.5 13.8 7.5 18.2 7.5 5 10 12 13.325 10 13.95
3.29103 2.22476 2.55881 1.79624 17.9428 6.32109 10 1.05 12 1.675 2.3 5 7.7 5 12 7.5 10 7.5 13.8 7.5 18.2 7.5 5 10 12 13.325 10 13.95
3.41307 2.29618 2.55881 1.79624 17.9428 6.32109 10 1.05 12 1.675 2.3 5 7.7 5 12 7.5 10 7.5 13.8 7.5 18.2 7.5 5 10 12 13.325 10 13.95
3.53511 2.3676 2.55881 1.79624 17.9428 6.32109 10 1.05 12 1.675 2.3 5 7.7 5 12 7.5 10 7.5 13.8 7.5 18.2 7.5 5 10 12 13.325 10 13.95
3.65715 2.43902 2.55881 1.79624 17.9428 6.32109 10 1.05 12 1.675 2.3 5 7.7 5 12 7.5 10 7.5 13.8 7.5 18.2 7.5 5 10 12 13.325 10 13.95
3.77918 2.51044 2.55881 1.79624 17.9428 6.32109 10 1.05 12 1.675 2.3 5 7.7 5 12 7.5 10 7.5 13.8 7.5 18.2 7.5 5 10 12 13.325 10 13.95
3.90122 2.58186 2.55881 1.79624 17.9428 6.32109 10 1.05 12 1.675 2.3 5 7.7 5 12 7.5 10 7.5 13.8 7.5 18.2 7.5 5 10 12 13.325 10 13.95
3.90122 2.58186 2.55881 1.79624 17.9428 6.32109 10 1.05 12 1.675 2.3 5 7.7 5 12 7.5 10 7.5 13.8 7.5 18.2 7.5 5 10 12 13.325 10 13.95
4.03802 2.54607 2.55881 1.79624 17.9428 6.32109 10 1.05 12 1.675 2.3 5 7.7 5 12 7.5 10 7.5 13.8 7.5 18.2 7.5 5 10 12 13.325 10 13.95
4.03802 2.54607 2.55881 1.79624 17.9428 6.32109 10 1.05 12 1.675 2.3 5 7.7 5 12 7.5 10 7.5 13.8 7.5 18.2 7.5 5 10 12 13.325 10 13.95
4.16005 2.61749 2.55881 1.79624 17.9428 6.32109 10 1.05 12 1.675 2.3 5 7.7 5 12 7.5 10 7.5 13.8 7.5 18.2 7.5 5 10 12 13.325 10 13.95
4.16005 2.61749 2.55881 1.79624 17.9428 6.32109 10 1.05 12 1.675 2.3 5 7.7 5 12 7.5 10 7.5 13.8 7.5 18.2 7.5 5 10 12 13.325 10 13.95
4.29685 2.5817 2.55881 1.79624 17.9428 6.32109 10 1.05 12 1.675 2.3 5 7.7 5 12 7.5 10 7.5 13.8 7.5 18.2 7.5 5 10 12 13.325 10 13.95
4.43364 2.54591 2.55881 1.79624 17.9428 6.32109 10 1.05 12 1.675 2.3 5 7.7 5 12 7.5 10 7.5 13.8 7.5 18.2 7.5 5 10 12 13.325 10 13.95
4.43364 2.54591 2.55881 1.79624 17.9428 6.32109 10 1.05 12 1.675 2.3 5 7.7 5 12 7.5 10 7.5 13.8 7.5 18.2 7.5 5 10 12 13.325 10 13.95
4.55568 2.61733 2.55881 1.79624 17.9428 6.32109 10 1.05 12 1.675 2.3 5 7.7 5 12 7.5 10 7.5 13.8 7.5 18.2 7.5 5 10 12 13.325 10 13.95
4.55568 2.61733 2.55881 1.79624 17.9428 6.32109 10 1.05 12 1.675 2.3 5 7.7 5 12 7.5 10 7.5 13.8 7.5 18.2 7.5 5 10 12 13.325 10 13.95
4.69248 2.58154 2.55881 1.79624 17.9428 6.32109 10 1.05 12 1.675 2.3 5 7.7 5 12 7.5 10 7.5 13.8 7.5 18.2 7.5 5 10 12 13.325 10 13.95
4.82927 2.54574 2.55881 1.79624 17.9428 6.32109 10 1.05 12 1.675 2.3 5 7.7 5 12 7.5 10 7.5 13.8 7.5 18.2 7.5 5 10 12 13.325 10 13.95
4.82927 2.54574 2.55881 1.79624 17.9428 6.32109 10 1.05 12 1.675 2.3 5 7.7 5 12 7.5 10 7.5 13.8 7.5 18.2 7.5 5 10 12 13.325 10 13.95
4.95131 2.61716 2.55881 1.79624 17.9428 6.32109 10 1.05 12 1.675 2.3 5 7.7 5 12 7.5 10 7.5 13.8 7.5 18.2 7.5 5 10 12 13.325 10 13.95
4.95131 2.61716 2.55881 1.79624 17.9428 6.32109 10 1.05 12 1.675 2.3 5 7.7 5 12 7.5 10 7.5 13.8 7.5 18.2 7.5 5 10 12 13.325 10 13.95
5.0881 2.58137 2.55881 1.79624 17.9428 6.32109 10 1.05 12 1.675 2.3 5 7.7 5 12 7.5 10 7.5 13.8 7.5 18.2 7.5 5 10 12 13.325 10 13.95
5.2249 2.54558 2.55881 1.79624 17.9428 6.32109 10 1.05 12 1.675 2.3 5 7.7 5 12 7.5 10 7.5 13.8 7.5 18.2 7.5 5 10 12 13.325 10 13.95
5.2249 2.54558 2.55881 1.79624 17.9428 6.32109 10 1.05 12 1.675 2.3 5 7.7 5 12 7.5 10 7.5 13.8 7.5 18.2 7.5 5 10 12 13.325 10 13.95
5.34694 2.617 2.55881 1.79624 17.9428 6.32109 10 1.05 12 1.675 2.3 5 7.7 5 12 7.5 10 7.5 13.8 7.5 18.2 7.5 5 10 12 13.325 10 13.95
5.34694 2.617 2.55881 1.79624 17.9428 6.32109 10 1.05 12 1.675 2.3 5 7.7 5 12 7.5 10 7.5 13.8 7.5 18.2 7.5 5 10 12 13.325 10 13.95
5.34694 2.617 2.55881 1.79624 17.9428 6.32109 10 1.05 12 1.675 2.3 5 7.7 5 12 7.5 10 7.5 13.8 7.5 18.2 7.5 5 10 12 13.325 10 13.95
5.34694 2.617 2.55881 1.79624 17.9428 6.32109 10 1.05 12 1.675 2.3 5 7.7 5 12 7.5 10 7.5 13.8 7.5 18.2 7.5 5 10 12 13.325 10 13.95
5.48373 2.58121 2.55881 1.79624 17.9428 6.32109 10 1.05 12 1.675 2.3 5 7.7 5 12 7.5 10 7.5 13.8 7.5 18.2 7.5 5 10 12 13.325 10 13.95
5.62053 2.54542 2.55881 1.79624 17.9428 6.32109 10 1.05 12 1.675 2.3 5 7.7 5 12 7.5 10 7.5 13.8 7.5 18.2 7.5 5 10 12 13.325 10 13.95
5.62053 2.54542 2.55881 1.79624 17.9428 6.32109 10 1.05 12 1.675 2.3 5 7.7 5 12 7.5 10 7.5 13.8 7.5 18.2 7.5 5 10 12 13.325 10 13.95
5.74256 2.61684 2.55881 1.79624 17.9428 6.32109 10 1.05 12 1.675 2.3 5 7.7 5 12 7.5 10 7.5 13.8 7.5 18.2 7.5 5 10 12 13.325 10 13.95
5.74256 2.61684 2.55881 1.79624 17.9428 6.32109 10 1.05 12 1.675 2.3 5 7.7 5 12 7.5 10 7.5 13.8 7.5 18.2 7.5 5 10 12 13.325 10 13.95
5.74256 2.61684 2.55881 1.79624 17.9428 6.32109 10 1.05 12 1.675 2.3 5 7.7 5 12 7.5 10 7.5 13.8 7.5 18.2 7.5 5 10 12 13.325 10 13.95
5.74256 2.61684 2.55881 1.79624 17.9428 6.32109 10 1.05 12 1.675 2.3 5 7.7 5 12 7.5 10 7.5 13.8 7.5 18.2 7.5 5 10 12 13.325 10 13.95
5.87936 2.58105 2.55881 1.79624 17.9428 6.32109 10 1.05 12 1.675 2.3 5 7.7 5 12 7.5 10 7.5 13.8 7.5 18.2 7.5 5 10 12 13.325 10 13.95
6.01615 2.54525 2.55881 1.79624 17.9428 6.32109 10 1.05 12 1.675 2.3 5 7.7 5 12 7.5 10 7.5 13.8 7.5 18.2 7.5 5 10 12 13.325 10 13.95
6.01615 2.54525 2.55881 1.79624 17.9428 6.32109 10 1.05 12 1.675 2.3 5 7.7 5 12 7.5 10 7.5 13.8 7.5 18.2 7.5 5 10 12 13.325 10 13.95
6.13819 2.61667 2.55881 1.79624 17.9428 6.32109 10 1.05 12 1.675 2.3 5 7.7 5 12 7.5 10 7.5 13.8 7.5 18.2 7.5 5 10 12 13.325 10 13.95
6.13819 2.61667 2.55881 1.79624 17.9428 6.32109 10 1.05 12 1.675 2.3 5 7.7 5 12 7.5 10 7.5 13.8 7.5 18.2 7.5 5 10 12 13.325 10 13.95
6.13819 2.61667 2.55881 1.79624 17.9428 6.32109 10 1.05 12 1.675 2.3 5 7.7 5 12 7.5 10 7.5 13.8 7.5 18.2 7.5 5 10 12 13.325 10 13.95
6.13819 2.61667 2.55881 1.79624 17.9428 6.32109 10 1.05 12 1.675 2.3 5 7.7 5 12 7.5 10 7.5 13.8 7.5 18.2 7.5 5 10 12 13.325 10 13.95
6.27499 2.58088 2.55881 1.79624 17.9428 6.32109 10 1.05 12 1.675 2.3 5 7.7 5 12 7.5 10 7.5 13.8 7.5 18.2 7.5 5 10 12 13.325 10 13.95
6.41178 2.54509 2.55881 1.79624 17.9428 6.32109 10 1.05 12 1.675 2.3 5 7.7 5 12 7.5 10 7.5 13.8 7.5 18.2 7.5 5 10 12 13.325 10 13.95
6.41178 2.54509 2.55881 1.79624 17.9428 6.32109 10 1.05 12 1.675 2.3 5 7.7 5 12 7.5 10 7.5 13.8 7.5 18.2 7.5 5 10 12 13.325 10 13.95
6.53382 2.61651 2.55881 1.79624 17.9428 6.32109 10 1.05 12 1.675 2.3 5 7.7 5 12 7.5 10 7.5 13.8 7.5 18.2 7.5 5 10 12 13.325 10 13.95
6.53382 2.61651 2.55881 1.79624 17.9428 6.32109 10 1.05 12 1.675 2.3 5 7.7 5 12 7.5 10 7.5 13.8 7.5 18.2 7.5 5 10 12 13.325 10 13.95
6.67061 2.58072 2.55881 1.79624 17.9428 6.32109 10 1.05 12 1.675 2.3 5 7.7 5 12 7.5 10 7.5 13.8 7.5 18.2 7.5 5 10 12 13.325 10 13.95
6.80741 2.54493 2.55881 1.79624 17.9428 6.32109 10 1.05 12 1.675 2.3 5 7.7 5 12 7.5 10 7.5 13.8 7.5 18.2 7.5 5 10 12 13.325 10 13.95
6.80741 2.54493 2.55881 1.79624 17.9428 6.32109 10 1.05 12 1.675 2.3 5 7.7 5 12 7.5 10 7.5 13.8 7.5 18.2 7.5 5 10 12 13.325 10 13.95
6.92945 2.61635 2.55881 1.79624 17.9428 6.32109 10 1.05 12 1.675 2.3 5 7.7 5 12 7.5 10 7.5 13.8 7.5 18.2 7.5 5 10 12 13.325 10 13.95
6.92945 2.61635 2.55881 1.79624 17.9428 6.32109 10 1.05 12 1.675 2.3 5 7.7 5 12 7.5 10 7.5 13.8 7.5 18.2 7.5 5 10 12 13.325 10 13.95
7.06624 2.58056 2.55881 1.79624 17.9428 6.32109 10 1.05 12 1.675 2.3 5 7.7 5 12 7.5 10 7.5 13.8 7.5 18.2 7.5 5 10 12 13.325 10 13.95
7.20304 2.54476 2.55881 1.79624 17.9428 6.32109 10 1.05 12 1.675 2.3 5 7.7 5 12 7.5 10 7.5 13.8 7.5 18.2 7.5 5 10 12 13.325 10 13.95
7.20304 2.54476 2.55881 1.79624 17.9428 6.32109 10 1.05 12 1.675 2.3 5 7.7 5 12 7.5 10 7.5 13.8 7.5 18.2 7.5 5 10 12 13.325 10 13.95
7.32507 2.61619 2.55881 1.79624 17.9428 6.32109 10 1.05 12 1.675 2.3 5 7.7 5 12 7.5 10 7.5 13.8 7.5 18.2 7.5 5 10 12 13.325 10 13.95
7.32507 2.61619 2.55881 1.79624 17.9428 6.32109 10 1.05 12 1.675 2.3 5 7.7 5 12 7.5 10 7.5 13.8 7.5 18.2 7.5 5 10 12 13.325 10 13.95
7.46187 2.58039 2.55881 1.79624 17.9428 6.32109 10 1.05 12 1.675 2.3 5 7.7 5 12 7.5 10 7.5 13.8 7.5 18.2 7.5 5 10 12 13.325 10 13.95
7.59866 2.5446 2.55881 1.79624 17.9428 6.32109 10 1.05 12 1.675 2.3 5 7.7 5 12 7.5 10 7.5 13.8 7.5 18.2 7.5 5 10 12 13.325 10 13.95
7.73546 2.50881 2.55881 1.79624 17.9428 6.32109 10 1.05 12 1.675 2.3 5 7.7 5 12 7.5 10 7.5 13.8 7.5 18.2 7.5 5 10 12 13.325 10 13.95
7.87226 2.47302 2.55881 1.79624 17.9428 6.32109 10 1.05 12 1.675 2.3 5 7.7 5 12 7.5 10 7.5 13.8 7.5 18.2 7.5 5 10 12 13.325 10 13.95
7.87226 2.47302 2.55881 1.79624 17.9428 6.32109 10 1.05 12 1.675 2.3 5 7.7 5 12 7.5 10 7.5 13.8 7.5 18.2 7.5 5 10 12 13.325 10 13.95
7.99429 2.54444 2.55881 1.79624 17.9428 6.32109 10 1.05 12 1.675 2.3 5 7.7 5 12 7.5 10 7.5 13.8 7.5 18.2 7.5 5 10 12 13.325 10 13.95
8.11633 2.61586 2.55881 1.79624 17.9428 6.32109 10 1.05 12 1.675 2.3 5 7.7 5 12 7.5 10 7.5 13.8 7.5 18.2 7.5 5 10 12 13.325 10 13.95
8.11633 2.61586 2.55881 1.79624 17.9428 6.32109 10 1.05 12 1.675 2.3 5 7.7 5 12 7.5 10 7.5 13.8 7.5 18.2 7.5 5 10 12 13.325 10 13.95
8.25312 2.58007 2.55881 1.79624 17.9428 6.32109 10 1.05 12 1.675 2.3 5 7.7 5 12 7.5 10 7.5 13.8 7.5 18.2 7.5 5 10 12 13.325 10 13.95
8.38992 2.54428 2.55881 1.79624 17.9428 6.32109 10 1.05 12 1.675 2.3 5 7.7 5 12 7.5 10 7.5 13.8 7.5 18.2 7.5 5 10 12 13.325 10 13.95
8.52672 2.50848 2.55881 1.79624 17.9428 6.32109 10 1.05 12 1.675 2.3 5 7.7 5 12 7.5 10 7.5 13.8 7.5 18.2 7.5 5 10 12 13.325 10 13.95
8.66351 2.47269 2.55881 1.79624 17.9428 6.32109 10 1.05 12 1.675 2.3 5 7.7 5 12 7.5 10 7.5 13.8 7.5 18.2 7.5 5 10 12 13.325 10 13.95
8.66351 2.47269 2.55881 1.79624 17.9428 6.32109 10 1.05 12 1.675 2.3 5 7.7 5 12 7.5 10 7.5 13.8 7.5 18.2 7.5 5 10 12 13.325 10 13.95
8.78555 2.54411 2.55881 1.79624 17.9428 6.32109 10 1.05 12 1.675 2.3 5 7.7 5 12 7.5 10 7.5 13.8 7.5 18.2 7.5 5 10 12 13.325 10 13.95
8.90758 2.61553 2.55881 1.79624 17.9428 6.32109 10 1.05 12 1.675 2.3 5 7.7 5 12 7.5 10 7.5 13.8 7.5 18.2 7.5 5 10 12 13.325 10 13.95
8.90758 2.61553 2.55881 1.79624 17.9428 6.32109 10 1.05 12 1.675 2.3 5 7.7 5 12 7.5 10 7.5 13.8 7.5 18.2 7.5 5 10 12 13.325 10 13.95
9.04438 2.57974 2.55881 1.79624 17.9428 6.32109 10 1.05 12 1.675 2.3 5 7.7 5 12 7.5 10 7.5 13.8 7.5 18.2 7.5 5 10 12 13.325 10 13.95
9.18118 2.54395 2.55881 1.79624 17.9428 6.32109 10 1.05 12 1.675 2.3 5 7.7 5 12 7.5 10 7.5 13.8 7.5 18.2 7.5 5 10 12 13.325 10 13.95
9.18118 2.54395 2.55881 1.79624 17.9428 6.32109 10 1.05 12 1.675 2.3 5 7.7 5 12 7.5 10 7.5 13.8 7.5 18.2 7.5 5 10 12 13.325 10 13.95
9.30321 2.61537 2.55881 1.79624 17.9428 6.32109 10 1.05 12 1.675 2.3 5 7.7 5 12 7.5 10 7.5 13.8 7.5 18.2 7.5 5 10 12 13.325 10 13.95
9.30321 2.61537 2.55881 1.79624 17.9428 6.32109 10 1.05 12 1.675 2.3 5 7.7 5 12 7.5 10 7.5 13.8 7.5 18.2 7.5 5 10 12 13.325 10 13.95
9.30321 2.61537 2.55881 1.79624 17.9428 6.32109 10 1.05 12 1.675 2.3 5 7.7 5 12 7.5 10 7.5 13.8 7.5 18.2 7.5 5 10 12 13.325 10 13.95
9.30321 2.61537 2.55881 1.79624 17.9428 6.32109 10 1.05 12 1.675 2.3 5 7.7 5 12 7.5 10 7.5 13.8 7.5 18.2 7.5 5 10 12 13.325 10 13.95
9.44001 2.57958 2.55881 1.79624 17.9428 6.32109 10 1.05 12 1.675 2.3 5 7.7 5 12 7.5 10 7.5 13.8 7.5 18.2 7.5 5 10 12 13.325 10 13.95
9.5768 2.54379 2.55881 1.79624 17.9428 6.32109 10 1.05 12 1.675 2.3 5 7.7 5 12 7.5 10 7.5 13.8 7.5 18.2 7.5 5 10 12 13.325 10 13.95
9.7136 2.50799 2.55881 1.79624 17.9428 6.32109 10 1.05 12 1.675 2.3 5 7.7 5 12 7.5 10 7.5 13.8 7.5 18.2 7.5 5 10 12 13.325 10 13.95
9.85039 2.4722 2.55881 1.79624 17.9428 6.32109 10 1.05 12 1.675 2.3 5 7.7 5 12 7.5 10 7.5 13.8 7.5 18.2 7.5 5 10 12 13.325 10 13.95
9.98719 2.43641 2.55881 1.79624 17.9428 6.32109 10 1.05 12 1.675 2.3 5 7.7 5 12 7.5 10 7.5 13.8 7.5 18.2 7.5 5 10 12 13.325 10 13.95
9.98719 2.43641 2.55881 1.79624 17.9428 6.32109 10 1.05 12 1.675 2.3 5 7.7 5 12 7.5 10 7.5 13.8 7.5 18.2 7.5 5 10 12 13.325 10 13.95
9.98719 2.43641 2.55881 1.79624 17.9428 6.32109 10 1.05 12 1.675 2.3 5 7.7 5 12 7.5 10 7.5 13.8 7.5 18.2 7.5 5 10 12 13.325 10 13.95
9.98719 2.43641 2.55881 1.79624 17.9428 6.32109 10 1.05 12 1.675 2.3 5 7.7 5 12 7.5 10 7.5 13.8 7.5 18.2 7.5 5 10 12 13.325 10 13.95
10.1092 2.50783 2.55881 1.79624 17.9428 6.32109 10 1.05 12 1.675 2.3 5 7.7 5 12 7.5 10 7.5 13.8 7.5 18.2 7.5 5 10 12 13.325 10 13.95
10.1092 2.50783 2.55881 1.79624 17.9428 6.32109 10 1.05 12 1.675 2.3 5 7.7 5 12 7.5 10 7.5 13.8 7.5 18.2 7.5 5 10 12 13.325 10 13.95
10.1092 2.50783 2.55881 1.79624 17.9428 6.32109 10 1.05 12 1.675 2.3 5 7.7 5 12 7.5 10 7.5 13.8 7.5 18.2 7.5 5 10 12 13.325 10 13.95
10.1806 2.38579 2.55881 1.79624 17.9428 6.32109 10 1.05 12 1.675 2.3 5 7.7 5 12 7.5 10 7.5 13.8 7.5 18.2 7.5 5 10 12 13.325 10 13.95
10.1806 2.38579 2.55881 1.79624 17.9428 6.32109 10 1.05 12 1.675 2.3 5 7.7 5 12 7.5 10 7.5 13.8 7.5 18.2 7.5 5 10 12 13.325 10 13.95
10.1806 2.38579 2.55881 1.79624 17.9428 6.32109 10 1.05 12 1.675 2.3 5 7.7 5 12 7.5 10 7.5 13.8 7.5 18.2 7.5 5 10 12 13.325 10 13.95
10.3027 2.45721 2.55881 1.79624 17.9428 6.32109 10 1.05 12 1.675 2.3 5 7.7 5 12 7.5 10 7.5 13.8 7.5 18.2 7.5 5 10 12 13.325 10 13.95
10.4247 2.52863 2.55881 1.79624 17.9428 6.32109 10 1.05 12 1.675 2.3 5 7.7 5 12 7.5 10 7.5 13.8 7.5 18.2 7.5 5 10 12 13.325 10 13.95
10.5468 2.60005 2.55881 1.79624 17.9428 6.32109 10 1.05 12 1.675 2.3 5 7.7 5 12 7.5 10 7.5 13.8 7.5 18.2 7.5 5 10 12 13.325 10 13.95
10.6688 2.67147 2.55881 1.79624 17.9428 6.32109 10 1.05 12 1.675 2.3 5 7.7 5 12 7.5 10 7.5 13.8 7.5 18.2 7.5 5 10 12 13.325 10 13.95
10.7908 2.74289 2.55881 1.79624 17.9428 6.32109 10 1.05 12 1.675 2.3 5 7.7 5 12 7.5 10 7.5 13.8 7.5 18.2 7.5 5 10 12 13.325 10 13.95
10.9129 2.81431 2.55881 1.79624 17.9428 6.32109 10 1.05 12 1.675 2.3 5 7.7 5 12 7.5 10 7.5 13.8 7.5 18.2 7.5 5 10 12 13.325 10 13.95
11.0349 2.88573 2.55881 1.79624 17.9428 6.32109 10 1.05 12 1.675 2.3 5 7.7 5 12 7.5 10 7.5 13.8 7.5 18.2 7.5 5 10 12 13.325 10 13.95
11.1569 2.95716 2.55881 1.79624 17.9428 6.32109 10 1.05 12 1.675 2.3 5 7.7 5 12 7.5 10 7.5 13.8 7.5 18.2 7.5 5 10 12 13.325 10 13.95
11.279 3.02858 2.55881 1.79624 17.9428 6.32109 10 1.05 12 1.675 2.3 5 7.7 5 12 7.5 10 7.5 13.8 7.5 18.2 7.5 5 10 12 13.325 10 13.95
11.401 3.1 2.55881 1.79624 17.9428 6.32109 10 1.05 12 1.675 2.3 5 7.7 5 12 7.5 10 7.5 13.8 7.5 18.2 7.5 5 10 12 13.325 10 13.95
11.401 3.1 2.55881 1.79624 17.9428 6.32109 10 1.05 12 1.675 2.3 5 7.7 5 12 7.5 10 7.5 13.8 7.5 18.2 7.5 5 10 12 13.325 10 13.95
11.4368 3.23679 2.55881 1.79624 17.9428 6.32109 10 1.05 12 1.675 2.3 5 7.7 5 12 7.5 10 7.5 13.8 7.5 18.2 7.5 5 10 12 13.325 10 13.95
11.4726 3.37359 2.55881 1.79624 17.9428 6.32109 10 1.05 12 1.675 2.3 5 7.7 5 12 7.5 10 7.5 13.8 7.5 18.2 7.5 5 10 12 13.325 10 13.95
11.5084 3.51038 2.55881 1.79624 17.9428 6.32109 10 1.05 12 1.675 2.3 5 7.7 5 12 7.5 10 7.5 13.8 7.5 18.2 7.5 5 10 12 13.325 10 13.95
11.5442 3.64718 2.55881 1.79624 17.9428 6.32109 10 1.05 12 1.675 2.3 5 7.7 5 12 7.5 10 7.5 13.8 7.5 18.2 7.5 5 10 12 13.325 10 13.95
11.58 3.78397 2.55881 1.79624 17.9428 6.32109 10 1.05 12 1.675 2.3 5 7.7 5 12 7.5 10 7.5 13.8 7.5 18.2 7.5 5 10 12 13.325 10 13.95
11.58 3.78397 2.55881 1.79624 17.9428 6.32109 10 1.05 12 1.675 2.3 5 7.7 5 12 7.5 10 7.5 13.8 7.5 18.2 7.5 5 10 12 13.325 10 13.95
11.58 3.78397 2.55881 1.79624 17.9428 6.32109 10 1.05 12 1.675 2.3 5 7.7 5 12 7.5 10 7.5 13.8 7.5 18.2 7.5 5 10 12 13.325 10 13.95
11.58 3.78397 2.55881 1.79624 17.9428 6.32109 10 1.05 12 1.675 2.3 5 7.7 5 12 7.5 10 7.5 13.8 7.5 18.2 7.5 5 10 12 13.325 10 13.95
11.702 3.85539 2.55881 1.79624 17.9428 6.32109 10 1.05 12 1.675 2.3 5 7.7 5 12 7.5 10 7.5 13.8 7.5 18.2 7.5 5 10 12 13.325 10 13.95
11.702 3.85539 2.55881 1.79624 17.9428 6.32109 10 1.05 12 1.675 2.3 5 7.7 5 12 7.5 10 7.5 13.8 7.5 18.2 7.5 5 10 12 13.325 10 13.95
11.702 3.85539 2.55881 1.79624 17.9428 6.32109 10 1.05 12 1.675 2.3 5 7.7 5 12 7.5 10 7.5 13.8 7.5 18.2 7.5 5 10 12 13.325 10 13.95
11.7734 3.73335 2.55881 1.79624 17.9428 6.32109 10 1.05 12 1.675 2.3 5 7.7 5 12 7.5 10 7.5 13.8 7.5 18.2 7.5 5 10 12 13.325 10 13.95
11.7734 3.73335 2.55881 1.79624 17.9428 6.32109 10 1.05 12 1.675 2.3 5 7.7 5 12 7.5 10 7.5 13.8 7.5 18.2 7.5 5 10 12 13.325 10 13.95
11.8092 3.87015 2.55881 1.79624 17.9428 6.32109 10 1.05 12 1.675 2.3 5 7.7 5 12 7.5 10 7.5 13.8 7.5 18.2 7.5 5 10 12 13.325 10 13.95
11.8092 3.87015 2.55881 1.79624 17.9428 6.32109 10 1.05 12 1.675 2.3 5 7.7 5 12 7.5 10 7.5 13.8 7.5 18.2 7.5 5 10 12 13.325 10 13.95
11.8806 3.74811 2.55881 1.79624 17.9428 6.32109 10 1.05 12 1.675 2.3 5 7.7 5 12 7.5 10 7.5 13.8 7.5 18.2 7.5 5 10 12 13.325 10 13.95
11.8806 3.74811 2.55881 1.79624 17.9428 6.32109 10 1.05 12 1.675 2.3 5 7.7 5 12 7.5 10 7.5 13.8 7.5 18.2 7.5 5 10 12 13.325 10 13.95
11.8806 3.74811 2.55881 1.79624 17.9428 6.32109 10 1.05 12 1.675 2.3 5 7.7 5 12 7.5 10 7.5 13.8 7.5 18.2 7.5 5 10 12 13.325 10 13.95
12.0027 3.81953 2.55881 1.79624 17.9428 6.32109 10 1.05 12 1.675 2.3 5 7.7 5 12 7.5 10 7.5 13.8 7.5 18.2 7.5 5 10 12 13.325 10 13.95
12.0027 3.81953 2.55881 1.79624 17.9428 6.32109 10 1.05 12 1.675 2.3 5 7.7 5 12 7.5 10 7.5 13.8 7.5 18.2 7.5 5 10 12 13.325 10 13.95
12.0027 3.81953 2.55881 1.79624 17.9428 6.32109 10 1.05 12 1.675 2.3 5 7.7 5 12 7.5 10 7.5 13.8 7.5 18.2 7.5 5 10 12 13.325 10 13.95
12.0741 3.69749 2.55881 1.79624 17.9428 6.32109 10 1.05 12 1.675 2.3 5 7.7 5 12 7.5 10 7.5 13.8 7.5 18.2 7.5 5 10 12 13.325 10 13.95
12.0741 3.69749 2.55881 1.79624 17.9428 6.32109 10 1.05 12 1.675 2.3 5 7.7 5 12 7.5 10 7.5 13.8 7.5 18.2 7.5 5 10 12 13.325 10 13.95
12.1099 3.83429 2.55881 1.79624 17.9428 6.32109 10 1.05 12 1.675 2.3 5 7.7 5 12 7.5 10 7.5 13.8 7.5 18.2 7.5 5 10 12 13.325 10 13.95
12.1099 3.83429 2.55881 1.79624 17.9428 6.32109 10 1.05 12 1.675 2.3 5 7.7 5 12 7.5 10 7.5 13.8 7.5 18.2 7.5 5 10 12 13.325 10 13.95
12.1099 3.83429 2.55881 1.79624 17.9428 6.32109 10 1.05 12 1.675 2.3 5 7.7 5 12 7.5 10 7.5 13.8 7.5 18.2 7.5 5 10 12 13.325 10 13.95
12.2467 3.7985 2.55881 1.79624 17.9428 6.32109 10 1.05 12 1.675 2.3 5 7.7 5 12 7.5 10 7.5 13.8 7.5 18.2 7.5 5 10 12 13.325 10 13.95
12.3835 3.76271 2.55881 1.79624 17.9428 6.32109 10 1.05 12 1.675 2.3 5 7.7 5 12 7.5 10 7.5 13.8 7.5 18.2 7.5 5 10 12 13.325 10 13.95
12.5203 3.72691 2.55881 1.79624 17.9428 6.32109 10 1.05 12 1.675 2.3 5 7.7 5 12 7.5 10 7.5 13.8 7.5 18.2 7.5 5 10 12 13.325 10 13.95
12.5203 3.72691 2.55881 1.79624 17.9428 6.32109 10 1.05 12 1.675 2.3 5 7.7 5 12 7.5 10 7.5 13.8 7.5 18.2 7.5 5 10 12 13.325 10 13.95
12.6423 3.79834 2.55881 1.79624 17.9428 6.32109 10 1.05 12 1.675 2.3 5 7.7 5 12 7.5 10 7.5 13.8 7.5 18.2 7.5 5 10 12 13.325 10 13.95
12.6423 3.79834 2.55881 1.79624 17.9428 6.32109 10 1.05 12 1.675 2.3 5 7.7 5 12 7.5 10 7.5 13.8 7.5 18.2 7.5 5 10 12 13.325 10 13.95
12.6423 3.79834 2.55881 1.79624 17.9428 6.32109 10 1.05 12 1.675 2.3 5 7.7 5 12 7.5 10 7.5 13.8 7.5 18.2 7.5 5 10 12 13.325 10 13.95
12.6423 3.79834 2.55881 1.79624 17.9428 6.32109 10 1.05 12 1.675 2.3 5 7.7 5 12 7.5 10 7.5 13.8 7.5 18.2 7.5 5 10 12 13.325 10 13.95
12.7791 3.76254 2.55881 1.79624 17.9428 6.32109 10 1.05 12 1.675 2.3 5 7.7 5 12 7.5 10 7.5 13.8 7.5 18.2 7.5 5 10 12 13.325 10 13.95
12.9159 3.72675 2.55881 1.79624 17.9428 6.32109 10 1.05 12 1.675 2.3 5 7.7 5 12 7.5 10 7.5 13.8 7.5 18.2 7.5 5 10 12 13.325 10 13.95
13.0527 3.69096 2.55881 1.79624 17.9428 6.32109 10 1.05 12 1.675 2.3 5 7.7 5 12 7.5 10 7.5 13.8 7.5 18.2 7.5 5 10 12 13.325 10 13.95
13.0527 3.69096 2.55881 1.79624 17.9428 6.32109 10 1.05 12 1.675 2.3 5 7.7 5 12 7.5 10 7.5 13.8 7.5 18.2 7.5 5 10 12 13.325 10 13.95
13.1747 3.76238 2.55881 1.79624 17.9428 6.32109 10 1.05 12 1.675 2.3 5 7.7 5 12 7.5 10 7.5 13.8 7.5 18.2 7.5 5 10 12 13.325 10 13.95
13.2968 3.8338 2.55881 1.79624 17.9428 6.32109 10 1.05 12 1.675 2.3 5 7.7 5 12 7.5 10 7.5 13.8 7.5 18.2 7.5 5 10 12 13.325 10 13.95
13.2968 3.8338 2.55881 1.79624 17.9428 6.32109 10 1.05 12 1.675 2.3 5 7.7 5 12 7.5 10 7.5 13.8 7.5 18.2 7.5 5 10 12 13.325 10 13.95
13.3326 3.9706 2.55881 1.79624 17.9428 6.32109 10 1.05 12 1.675 2.3 5 7.7 5 12 7.5 10 7.5 13.8 7.5 18.2 7.5 5 10 12 13.325 10 13.95
13.3326 3.9706 2.55881 1.79624 17.9428 6.32109 10 1.05 12 1.675 2.3 5 7.7 5 12 7.5 10 7.5 13.8 7.5 18.2 7.5 5 10 12 13.325 10 13.95
13.3326 3.9706 2.55881 1.79624 17.9428 6.32109 10 1.05 12 1.675 2.3 5 7.7 5 12 7.5 10 7.5 13.8 7.5 18.2 7.5 5 10 12 13.325 10 13.95
13.4694 3.9348 2.55881 1.79624 17.9428 6.32109 10 1.05 12 1.675 2.3 5 7.7 5 12 7.5 10 7.5 13.8 7.5 18.2 7.5 5 10 12 13.325 10 13.95
13.6062 3.89901 2.55881 1.79624 17.9428 6.32109 10 1.05 12 1.675 2.3 5 7.7 5 12 7.5 10 7.5 13.8 7.5 18.2 7.5 5 10 12 13.325 10 13.95
13.743 3.86322 2.55881 1.79624 17.9428 6.32109 10 1.05 12 1.675 2.3 5 7.7 5 12 7.5 10 7.5 13.8 7.5 18.2 7.5 5 10 12 13.325 10 13.95
13.743 3.86322 2.55881 1.79624 17.9428 6.32109 10 1.05 12 1.675 2.3 5 7.7 5 12 7.5 10 7.5 13.8 7.5 18.2 7.5 5 10 12 13.325 10 13.95
13.865 3.93464 2.55881 1.79624 17.9428 6.32109 10 1.05 12 1.675 2.3 5 7.7 5 12 7.5 10 7.5 13.8 7.5 18.2 7.5 5 10 12 13.325 10 13.95
13.987 4.00606 2.55881 1.79624 17.9428 6.32109 10 1.05 12 1.675 2.3 5 7.7 5 12 7.5 10 7.5 13.8 7.5 18.2 7.5 5 10 12 13.325 10 13.95
14.1091 4.07748 2.55881 1.79624 17.9428 6.32109 10 1.05 12 1.675 2.3 5 7.7 5 12 7.5 10 7.5 13.8 7.5 18.2 7.5 5 10 12 13.325 10 13.95
14.2311 4.1489 2.55881 1.79624 17.9428 6.32109 10 1.05 12 1.675 2.3 5 7.7 5 12 7.5 10 7.5 13.8 7.5 18.2 7.5 5 10 12 13.325 10 13.95
14.3531 4.22032 2.55881 1.79624 17.9428 6.32109 10 1.05 12 1.675 2.3 5 7.7 5 12 7.5 10 7.5 13.8 7.5 18.2 7.5 5 10 12 13.325 10 13.95
14.4752 4.29174 2.55881 1.79624 17.9428 6.32109 10 1.05 12 1.675 2.3 5 7.7 5 12 7.5 10 7.5 13.8 7.5 18.2 7.5 5 10 12 13.325 10 13.95
14.5972 4.36316 2.55881 1.79624 17.9428 6.32109 10 1.05 12 1.675 2.3 5 7.7 5 12 7.5 10 7.5 13.8 7.5 18.2 7.5 5 10 12 13.325 10 13.95
14.7193 4.43458 2.55881 1.79624 17.9428 6.32109 10 1.05 12 1.675 2.3 5 7.7 5 12 7.5 10 7.5 13.8 7.5 18.2 7.5 5 10 12 13.325 10 13.95
14.8413 4.506 2.55881 1.79624 17.9428 6.32109 10 1.05 12 1.675 2.3 5 7.7 5 12 7.5 10 7.5 13.8 7.5 18.2 7.5 5 10 12 13.325 10 13.95
14.9633 4.57742 2.55881 1.79624 17.9428 6.32109 10 1.05 12 1.675 2.3 5 7.7 5 12 7.5 10 7.5 13.8 7.5 18.2 7.5 5 10 12 13.325 10 13.95
15.0854 4.64884 2.55881 1.79624 17.9428 6.32109 10 1.05 12 1.675 2.3 5 7.7 5 12 7.5 10 7.5 13.8 7.5 18.2 7.5 5 10 12 13.325 10 13.95
15.2074 4.72026 2.55881 1.79624 17.9428 6.32109 10 1.05 12 1.675 2.3 5 7.7 5 12 7.5 10 7.5 13.8 7.5 18.2 7.5 5 10 12 13.325 10 13.95
15.2074 4.72026 2.55881 1.79624 17.9428 6.32109 10 1.05 12 1.675 2.3 5 7.7 5 12 7.5 10 7.5 13.8 7.5 18.2 7.5 5 10 12 13.325 10 13.95
15.2074 4.72026 2.55881 1.79624 17.9428 6.32109 10 1.05 12 1.675 2.3 5 7.7 5 12 7.5 10 7.5 13.8 7.5 18.2 7.5 5 10 12 13.325 10 13.95
15.2074 4.72026 2.55881 1.79624 17.9428 6.32109 10 1.05 12 1.675 2.3 5 7.7 5 12 7.5 10 7.5 13.8 7.5 18.2 7.5 5 10 12 13.325 10 13.95
15.3442 4.68447 2.55881 1.79624 17.9428 6.32109 10 1.05 12 1.675 2.3 5 7.7 5 12 7.5 10 7.5 13.8 7.5 18.2 7.5 5 10 12 13.325 10 13.95
15.3442 4.68447 2.55881 1.79624 17.9428 6.32109 10 1.05 12 1.675 2.3 5 7.7 5 12 7.5 10 7.5 13.8 7.5 18.2 7.5 5 10 12 13.325 10 13.95
15.4662 4.75589 2.55881 1.79624 17.9428 6.32109 10 1.05 12 1.675 2.3 5 7.7 5 12 7.5 10 7.5 13.8 7.5 18.2 7.5 5 10 12 13.325 10 13.95
15.5883 4.82731 2.55881 1.79624 17.9428 6.32109 10 1.05 12 1.675 2.3 5 7.7 5 12 7.5 10 7.5 13.8 7.5 18.2 7.5 5 10 12 13.325 10 13.95
15.7103 4.89873 2.55881 1.79624 17.9428 6.32109 10 1.05 12 1.675 2.3 5 7.7 5 12 7.5 10 7.5 13.8 7.5 18.2 7.5 5 10 12 13.325 10 13.95
15.8323 4.97015 2.55881 1.79624 17.9428 6.32109 10 1.05 12 1.675 2.3 5 7.7 5 12 7.5 10 7.5 13.8 7.5 18.2 7.5 5 10 12 13.325 10 13.95
15.9544 5.04157 2.55881 1.79624 17.9428 6.32109 10 1.05 12 1.675 2.3 5 7.7 5 12 7.5 10 7.5 13.8 7.5 18.2 7.5 5 10 12 13.325 10 13.95
16.0764 5.11299 2.55881 1.79624 17.9428 6.32109 10 1.05 12 1.675 2.3 5 7.7 5 12 7.5 10 7.5 13.8 7.5 18.2 7.5 5 10 12 13.325 10 13.95
16.1985 5.18441 2.55881 1.79624 17.9428 6.32109 10 1.05 12 1.675 2.3 5 7.7 5 12 7.5 10 7.5 13.8 7.5 18.2 7.5 5 10 12 13.325 10 13.95
16.3205 5.25583 2.55881 1.79624 17.9428 6.32109 10 1.05 12 1.675 2.3 5 7.7 5 12 7.5 10 7.5 13.8 7.5 18.2 7.5 5 10 12 13.325 10 13.95
16.4425 5.32725 2.55881 1.79624 17.9428 6.32109 10 1.05 12 1.675 2.3 5 7.7 5 12 7.5 10 7.5 13.8 7.5 18.2 7.5 5 10 12 13.325 10 13.95
16.5646 5.39867 2.55881 1.79624 17.9428 6.32109 10 1.05 12 1.675 2.3 5 7.7 5 12 7.5 10 7.5 13.8 7.5 18.2 7.5 5 10 12 13.325 10 13.95
16.6866 5.47009 2.55881 1.79624 17.9428 6.32109 10 1.05 12 1.675 2.3 5 7.7 5 12 7.5 10 7.5 13.8 7.5 18.2 7.5 5 10 12 13.325 10 13.95
16.8086 5.54151 2.55881 1.79624 17.9428 6.32109 10 1.05 12 1.675 2.3 5 7.7 5 12 7.5 10 7.5 13.8 7.5 18.2 7.5 5 10 12 13.325 10 13.95
16.9307 5.61293 2.55881 1.79624 17.9428 6.32109 10 1.05 12 1.675 2.3 5 7.7 5 12 7.5 10 7.5 13.8 7.5 18.2 7.5 5 10 12 13.325 10 13.95
17.0527 5.68435 2.55881 1.79624 17.9428 6.32109 10 1.05 12 1.675 2.3 5 7.7 5 12 7.5 10 7.5 13.8 7.5 18.2 7.5 5 10 12 13.325 10 13.95
17.1748 5.75577 2.55881 1.79624 17.9428 6.32109 10 1.05 12 1.675 2.3 5 7.7 5 12 7.5 10 7.5 13.8 7.5 18.2 7.5 5 10 12 13.325 10 13.95
17.2968 5.82719 2.55881 1.79624 17.9428 6.32109 10 1.05 12 1.675 2.3 5 7.7 5 12 7.5 10 7.5 13.8 7.5 18.2 7.5 5 10 12 13.325 10 13.95
17.4188 5.89861 2.55881 1.79624 17.9428 6.32109 10 1.05 12 1.675 2.3 5 7.7 5 12 7.5 10 7.5 13.8 7.5 18.2 7.5 5 10 12 13.325 10 13.95
17.5409 5.97004 2.55881 1.79624 17.9428 6.32109 10 1.05 12 1.675 2.3 5 7.7 5 12 7.5 10 7.5 13.8 7.5 18.2 7.5 5 10 12 13.325 10 13.95
17.6629 6.04146 2.55881 1.79624 17.9428 6.32109 10 1.05 12 1.675 2.3 5 7.7 5 12 7.5 10 7.5 13.8 7.5 18.2 7.5 5 10 12 13.325 10 13.95
17.7849 6.11288 2.55881 1.79624 17.9428 6.32109 10 1.05 12 1.675 2.3 5 7.7 5 12 7.5 10 7.5 13.8 7.5 18.2 7.5 5 10 12 13.325 10 13.95
17.907 6.1843 2.55881 1.79624 17.9428 6.32109 10 1.05 12 1.675 2.3 5 7.7 5 12 7.5 10 7.5 13.8 7.5 18.2 7.5 5 10 12 13.325 10 13.95
17.907 6.1843 2.55881 1.79624 17.9428 6.32109 10 1.05 12 1.675 2.3 5 7.7 5 12 7.5 10 7.5 13.8 7.5 18.2 7.5 5 10 12 13.325 10 13.95
17.9249 6.25269 2.55881 1.79624 17.9428 6.32109 10 1.05 12 1.675 2.3 5 7.7 5 12 7.5 10 7.5 13.8 7.5 18.2 7.5 5 10 12 13.325 10 13.95
17.9428 6.32109 2.55881 1.79624 17.9428 6.32109 10 1.05 12 1.675 2.3 5 7.7 5 12 7.5 10 7.5 13.8 7.5 18.2 7.5 5 10 12 13.325 10 13.95
