wall0 6.666666666666667 3.3954666112233123 0.75 0.05 6.790933222446625 1.5
wall1 6.666666666666667 11.295466611223313 0.75 0.05 7.409066777553375 1.5
wall2 13.333333333333334 2.4473951438320545 0.75 0.05 4.894790287664109 1.5
wall3 13.333333333333334 10.347395143832054 0.75 0.05 9.305209712335891 1.5
wall4 1.3774879646838631 1.261484343024136 0.75 2.7549759293677263 0.05 1.5
wall5 5.110821298017196 1.261484343024136 0.75 3.111690737298941 0.05 1.5
wall6 7.4217120879833285 13.206042398391851 0.75 1.5100908426333222 0.05 1.5
wall7 11.155045421316661 13.206042398391851 0.75 4.356575824033344 0.05 1.5
wall8 15.796200898132472 11.934950482041659 0.75 4.925735129598278 0.05 1.5
wall9 19.529534231465803 11.934950482041659 0.75 0.9409315370683906 0.05 1.5
gap0 6.666666666666667 7.190933222446625
gap1 13.333333333333334 5.294790287664109
gap2 3.154975929367726 1.261484343024136
gap3 8.57675750929999 13.206042398391851
gap4 18.65906846293161 11.934950482041659
