10
wall0 6.666666666666667 1.32140815595601 0.75 0.05 2.64281631191202 1.5
wall1 6.666666666666667 9.22140815595601 0.75 0.05 11.55718368808798 1.5
wall2 13.333333333333334 1.8713504668275662 0.75 0.05 3.7427009336551325 1.5
wall3 13.333333333333334 9.771350466827567 0.75 0.05 10.457299066344866 1.5
wall4 1.2890473445107464 9.246555894307004 0.75 2.578094689021493 0.05 1.5
wall5 5.02238067784408 9.246555894307004 0.75 3.2885719776451743 0.05 1.5
wall6 9.100994923455898 9.382717260155037 0.75 4.868656513578464 0.05 1.5
wall7 12.834328256789233 9.382717260155037 0.75 0.9980101530882024 0.05 1.5
wall8 15.67454931028244 10.479343439506994 0.75 4.682431953898211 0.05 1.5
wall9 19.40788264361577 10.479343439506994 0.75 1.1842347127684576 0.05 1.5
gap0 6.666666666666667 3.04281631191202
gap1 13.333333333333334 4.142700933655132
gap2 2.9780946890214928 9.246555894307004
gap3 11.935323180245131 9.382717260155037
gap4 18.415765287231544 10.479343439506994
