wall0 6.666666666666667 2.0983759448693955 0.75 0.05 4.196751889738791 1.5
wall1 6.666666666666667 9.998375944869396 0.75 0.05 10.003248110261207 1.5
wall2 13.333333333333334 0.7969888060308279 0.75 0.05 1.5939776120616558 1.5
wall3 13.333333333333334 8.696988806030827 0.75 0.05 12.606022387938344 1.5
wall4 0.9402402894731907 5.8200374739724685 0.75 1.8804805789463814 0.05 1.5
wall5 4.673573622806524 5.8200374739724685 0.75 3.9861860877202857 0.05 1.5
wall6 9.05885726212383 8.707233021637707 0.75 4.784381190914327 0.05 1.5
wall7 12.792190595457164 8.707233021637707 0.75 1.0822854757523395 0.05 1.5
wall8 15.039912551601162 8.751021383911894 0.75 3.4131584365356584 0.05 1.5
wall9 18.773245884934497 8.751021383911894 0.75 2.4535082301310105 0.05 1.5
wall10 1.874681988694198 5.247427079508135 0.75 3.749363977388396 0.05 1.5
wall11 5.608015322027532 5.247427079508135 0.75 2.1173026892782705 0.05 1.5
wall12 7.470594826353276 10.421924367455187 0.75 1.6078563193732167 0.05 1.5
wall13 11.203928159686608 10.421924367455187 0.75 4.2588103472934495 0.05 1.5
wall14 13.711103574443772 5.8111107377386455 0.75 0.7555404822208764 0.05 1.5
wall15 17.444436907777106 5.8111107377386455 0.75 5.111126184445789 0.05 1.5
gap0 6.666666666666667 4.596751889738791
gap1 13.333333333333334 1.993977612061656
gap2 2.2804805789463813 5.8200374739724685
gap3 11.851047857580994 8.707233021637707
gap4 17.14649176986899 8.751021383911894
gap5 4.149363977388396 5.247427079508135
gap6 8.674522986039884 10.421924367455187
gap7 14.48887381555421 5.8111107377386455
