wall0 6.666666666666667 5.1619848885630155 0.75 0.05 10.323969777126031 1.5
wall1 6.666666666666667 13.061984888563016 0.75 0.05 3.8760302228739683 1.5
wall2 13.333333333333334 6.458704970967457 0.75 0.05 12.917409941934913 1.5
wall3 13.333333333333334 14.358704970967457 0.75 0.05 1.282590058065086 1.5
wall4 0.3652893168395223 5.625658810071392 0.75 0.7305786336790446 0.05 1.5
wall5 4.098622650172856 5.625658810071392 0.75 5.136088032987622 0.05 1.5
wall6 8.972382544193026 10.233693146021421 0.75 4.6114317550527195 0.05 1.5
wall7 12.70571587752636 10.233693146021421 0.75 1.2552349116139467 0.05 1.5
wall8 15.822671172117762 9.434480745496707 0.75 4.978675677568857 0.05 1.5
wall9 19.556004505451092 9.434480745496707 0.75 0.8879909890978119 0.05 1.5
wall10 1.6261003396066986 8.53852807418684 0.75 3.2522006792133973 0.05 1.5
wall11 5.359433672940032 8.53852807418684 0.75 2.6144659874532694 0.05 1.5
wall12 8.733523416089183 8.674800109824876 0.75 4.13371349884503 0.05 1.5
wall13 12.466856749422515 8.674800109824876 0.75 1.7329531678216359 0.05 1.5
wall14 14.355778330526016 7.130532598714879 0.75 2.0448899943853647 0.05 1.5
wall15 18.08911166385935 7.130532598714879 0.75 3.8217766722813025 0.05 1.5
gap0 6.666666666666667 10.723969777126031
gap1 13.333333333333334 13.317409941934914
gap2 1.1305786336790447 5.625658810071392
gap3 11.678098421719387 10.233693146021421
gap4 18.71200901090219 9.434480745496707
gap5 3.652200679213397 8.53852807418684
gap6 11.200380165511698 8.674800109824876
gap7 15.778223327718699 7.130532598714879
