wall0 6.666666666666667 5.147406194121005 0.75 0.05 10.29481238824201 1.5
wall1 6.666666666666667 13.047406194121006 0.75 0.05 3.90518761175799 1.5
wall2 13.333333333333334 5.590962340992023 0.75 0.05 11.181924681984047 1.5
wall3 13.333333333333334 13.490962340992024 0.75 0.05 3.0180753180159527 1.5
wall4 0.6803092528792558 7.6358383042305835 0.75 1.3606185057585116 0.05 1.5
wall5 4.413642586212589 7.6358383042305835 0.75 4.506048160908156 0.05 1.5
wall6 8.09760695197193 6.173886376532261 0.75 2.861880570610526 0.05 1.5
wall7 11.830940285305264 6.173886376532261 0.75 3.00478609605614 0.05 1.5
wall8 15.657040732982583 10.130600329067072 0.75 4.647414799298501 0.05 1.5
wall9 19.390374066315914 10.130600329067072 0.75 1.2192518673681683 0.05 1.5
wall10 0.7429193495037842 5.615195172134294 0.75 1.4858386990075685 0.05 1.5
wall11 4.476252682837118 5.615195172134294 0.75 4.380827967659098 0.05 1.5
wall12 7.087457032491754 9.422486433589807 0.75 0.8415807316501738 0.05 1.5
wall13 10.820790365825086 9.422486433589807 0.75 5.025085935016493 0.05 1.5
wall14 14.371871688434599 4.597914199015816 0.75 2.077076710202528 0.05 1.5
wall15 18.10520502176793 4.597914199015816 0.75 3.7895899564641375 0.05 1.5
gap0 6.666666666666667 10.69481238824201
gap1 13.333333333333334 11.581924681984047
gap2 1.7606185057585115 7.6358383042305835
gap3 9.928547237277193 6.173886376532261
gap4 18.380748132631833 10.130600329067072
gap5 1.8858386990075686 5.615195172134294
gap6 7.90824739831684 9.422486433589807
gap7 15.810410043535862 4.597914199015816
