wall0 6.666666666666667 6.129288133467425 0.75 0.05 12.25857626693485 1.5
wall1 6.666666666666667 14.029288133467425 0.75 0.05 1.9414237330651485 1.5
wall2 13.333333333333334 1.1521760519005861 0.75 0.05 2.3043521038011723 1.5
wall3 13.333333333333334 9.052176051900586 0.75 0.05 11.895647896198827 1.5
wall4 2.4657688327774214 8.867760963842768 0.75 4.931537665554843 0.05 1.5
wall5 6.199102166110755 8.867760963842768 0.75 0.9351290011118234 0.05 1.5
wall6 8.325734377897472 10.239457881587985 0.75 3.3181354224616113 0.05 1.5
wall7 12.059067711230806 10.239457881587985 0.75 2.548531244205055 0.05 1.5
wall8 15.157066411593952 9.565711858874064 0.75 3.6474661565212347 0.05 1.5
wall9 18.890399744927283 9.565711858874064 0.75 2.219200510145434 0.05 1.5
wall10 0.7886772535878761 6.182061724733362 0.75 1.5773545071757522 0.05 1.5
wall11 4.522010586921209 6.182061724733362 0.75 4.289312159490915 0.05 1.5
wall12 8.686648959790729 4.854225655937802 0.75 4.039964586248124 0.05 1.5
wall13 12.419982293124063 4.854225655937802 0.75 1.826702080418542 0.05 1.5
wall14 15.19660873391707 10.260324104317327 0.75 3.7265508011674715 0.05 1.5
wall15 18.9299420672504 10.260324104317327 0.75 2.1401158654991974 0.05 1.5
gap0 6.666666666666667 12.658576266934851
gap1 13.333333333333334 2.704352103801172
gap2 5.331537665554843 8.867760963842768
gap3 10.384802089128279 10.239457881587985
gap4 17.380799489854567 9.565711858874064
gap5 1.9773545071757521 6.182061724733362
gap6 11.106631252914791 4.854225655937802
gap7 17.459884134500804 10.260324104317327
