wall0 6.666666666666667 1.2355445966490042 0.75 0.05 2.4710891932980084 1.5
wall1 6.666666666666667 9.135544596649003 0.75 0.05 11.728910806701991 1.5
wall2 13.333333333333334 4.467747787530933 0.75 0.05 8.935495575061866 1.5
wall3 13.333333333333334 12.367747787530934 0.75 0.05 5.264504424938133 1.5
wall4 1.9137335929390524 10.33316334283475 0.75 3.827467185878105 0.05 1.5
wall5 5.647066926272386 10.33316334283475 0.75 2.039199480788562 0.05 1.5
wall6 9.200120652915933 4.987259353210757 0.75 5.066907972498533 0.05 1.5
wall7 12.933453986249267 4.987259353210757 0.75 0.7997586941681334 0.05 1.5
wall8 14.635094838982196 8.800791439511114 0.75 2.6035230112977246 0.05 1.5
wall9 18.36842817231553 8.800791439511114 0.75 3.2631436553689426 0.05 1.5
wall10 2.410479359627346 4.908637538546125 0.75 4.820958719254692 0.05 1.5
wall11 6.1438126929606796 4.908637538546125 0.75 1.045707947411974 0.05 1.5
wall12 9.115110738944798 10.945758965809757 0.75 4.8968881445562635 0.05 1.5
wall13 12.848444072278133 10.945758965809757 0.75 0.9697785221104027 0.05 1.5
wall14 14.012236461385037 6.131248421332073 0.75 1.3578062561034034 0.05 1.5
wall15 17.74556979471837 6.131248421332073 0.75 4.508860410563262 0.05 1.5
gap0 6.666666666666667 2.8710891932980083
gap1 13.333333333333334 9.335495575061866
gap2 4.227467185878105 10.33316334283475
gap3 12.1335746391652 4.987259353210757
gap4 16.33685634463106 8.800791439511114
gap5 5.220958719254693 4.908637538546125
gap6 11.96355481122293 10.945758965809757
gap7 15.091139589436738 6.131248421332073
