10
wall0 6.666666666666667 3.9301517290440824 0.75 0.05 7.860303458088165 1.5
wall1 6.666666666666667 11.830151729044083 0.75 0.05 6.3396965419118345 1.5
wall2 13.333333333333334 6.389628229208761 0.75 0.05 12.779256458417523 1.5
wall3 13.333333333333334 14.289628229208763 0.75 0.05 1.4207435415824765 1.5
wall4 1.3015662774106211 10.256789703919393 0.75 2.6031325548212423 0.05 1.5
wall5 5.034899610743954 10.256789703919393 0.75 3.263534111845425 0.05 1.5
wall6 8.77456897377049 6.693323081062072 0.75 4.215804614207646 0.05 1.5
wall7 12.507902307103823 6.693323081062072 0.75 1.6508620524590203 0.05 1.5
wall8 14.933005940960197 10.343662596238378 0.75 3.1993452152537234 0.05 1.5
wall9 18.666339274293527 10.343662596238378 0.75 2.6673214514129455 0.05 1.5
gap0 6.666666666666667 8.260303458088165
gap1 13.333333333333334 13.179256458417523
gap2 3.003132554821242 10.256789703919393
gap3 11.282471280874313 6.693323081062072
gap4 16.932678548587056 10.343662596238378
