10
wall0 6.666666666666667 6.175558590693744 0.75 0.05 12.351117181387488 1.5
wall1 6.666666666666667 14.075558590693745 0.75 0.05 1.8488828186125108 1.5
wall2 13.333333333333334 6.151387730305948 0.75 0.05 12.302775460611896 1.5
wall3 13.333333333333334 14.051387730305947 0.75 0.05 1.8972245393881035 1.5
wall4 2.142189680490702 5.659683749748318 0.75 4.284379360981404 0.05 1.5
wall5 5.875523013824036 5.659683749748318 0.75 1.582287305685262 0.05 1.5
wall6 9.267965335034477 8.645225052597734 0.75 5.202597336735621 0.05 1.5
wall7 13.001298668367811 8.645225052597734 0.75 0.6640693299310456 0.05 1.5
wall8 14.584908015336458 6.08270969017072 0.75 2.503149364006248 0.05 1.5
wall9 18.31824134866979 6.08270969017072 0.75 3.3635173026604193 0.05 1.5
gap0 6.666666666666667 12.751117181387489
gap1 13.333333333333334 12.702775460611896
gap2 4.684379360981405 5.659683749748318
gap3 12.269264003402288 8.645225052597734
gap4 16.236482697339582 6.08270969017072
