10
wall0 6.666666666666667 5.719084372893302 0.75 0.05 11.438168745786603 1.5
wall1 6.666666666666667 13.619084372893301 0.75 0.05 2.761831254213396 1.5
wall2 13.333333333333334 6.777059054031913 0.75 0.05 13.554118108063825 1.5
wall3 13.333333333333334 14.677059054031913 0.75 0.05 0.645881891936174 1.5
wall4 1.1621430291869992 4.69546984138181 0.75 2.3242860583739984 0.05 1.5
wall5 4.895476362520332 4.69546984138181 0.75 3.5423806082926688 0.05 1.5
wall6 9.210759411002684 4.2454850788863165 0.75 5.088185488672035 0.05 1.5
wall7 12.944092744336018 4.2454850788863165 0.75 0.7784811779946317 0.05 1.5
wall8 14.726510101640873 10.114426845957613 0.75 2.786353536615076 0.05 1.5
wall9 18.459843434974204 10.114426845957613 0.75 3.080313130051593 0.05 1.5
gap0 6.666666666666667 11.838168745786604
gap1 13.333333333333334 13.954118108063826
gap2 2.7242860583739983 4.69546984138181
gap3 12.154852155338702 4.2454850788863165
gap4 16.51968686994841 10.114426845957613
