wall0 6.666666666666667 2.8769149752099716 0.75 0.05 5.753829950419943 1.5
wall1 6.666666666666667 10.776914975209973 0.75 0.05 8.446170049580056 1.5
wall2 13.333333333333334 4.884791344520438 0.75 0.05 9.769582689040876 1.5
wall3 13.333333333333334 12.784791344520439 0.75 0.05 4.430417310959124 1.5
wall4 1.1828520974949137 8.829764866704881 0.75 2.3657041949898274 0.05 1.5
wall5 4.916185430828247 8.829764866704881 0.75 3.5009624716768397 0.05 1.5
wall6 9.391470800636526 7.045831224917588 0.75 5.449608267939719 0.05 1.5
wall7 13.12480413396986 7.045831224917588 0.75 0.4170583987269474 0.05 1.5
wall8 14.826512364249869 7.336000099462629 0.75 2.986358061833071 0.05 1.5
wall9 18.5598456975832 7.336000099462629 0.75 2.8803086048335977 0.05 1.5
wall10 2.5600516991322673 4.1804626286093916 0.75 5.1201033982645345 0.05 1.5
wall11 6.293385032465601 4.1804626286093916 0.75 0.7465632684021317 0.05 1.5
wall12 7.679470088692515 9.837062089058783 0.75 2.0256068440516968 0.05 1.5
wall13 11.41280342202585 9.837062089058783 0.75 3.8410598226149695 0.05 1.5
wall14 14.267322576817651 8.06621781804372 0.75 1.8679784869686369 0.05 1.5
wall15 18.000655910150986 8.06621781804372 0.75 3.9986881796980285 0.05 1.5
gap0 6.666666666666667 6.153829950419944
gap1 13.333333333333334 10.169582689040876
gap2 2.7657041949898273 8.829764866704881
gap3 12.516274934606386 7.045831224917588
gap4 16.719691395166404 7.336000099462629
gap5 5.520103398264535 4.1804626286093916
gap6 9.092273510718364 9.837062089058783
gap7 15.601311820301971 8.06621781804372
