wall0 6.666666666666667 1.644103666986634 0.75 0.05 3.288207333973268 1.5
wall1 6.666666666666667 9.544103666986635 0.75 0.05 10.91179266602673 1.5
wall2 13.333333333333334 4.579437138571044 0.75 0.05 9.158874277142088 1.5
wall3 13.333333333333334 12.479437138571043 0.75 0.05 5.041125722857911 1.5
wall4 0.8193318479850495 4.095689310587562 0.75 1.638663695970099 0.05 1.5
wall5 4.552665181318383 4.095689310587562 0.75 4.2280029706965685 0.05 1.5
wall6 8.526526634685636 5.956278513530529 0.75 3.7197199360379374 0.05 1.5
wall7 12.259859968018969 5.956278513530529 0.75 2.146946730628729 0.05 1.5
wall8 15.312327167263927 10.966600349805775 0.75 3.957987667861188 0.05 1.5
wall9 19.045660500597258 10.966600349805775 0.75 1.908678998805481 0.05 1.5
wall10 0.21009799431757548 8.948662868679598 0.75 0.42019598863515095 0.05 1.5
wall11 3.943431327650909 8.948662868679598 0.75 5.446470678031516 0.05 1.5
wall12 6.9039994610752355 6.72723023756336 0.75 0.47466558881713716 0.05 1.5
wall13 10.63733279440857 6.72723023756336 0.75 5.392001077849529 0.05 1.5
wall14 14.999025095939597 5.723395113766365 0.75 3.3313835252125283 0.05 1.5
wall15 18.732358429272928 5.723395113766365 0.75 2.5352831414541406 0.05 1.5
gap0 6.666666666666667 3.688207333973268
gap1 13.333333333333334 9.558874277142088
gap2 2.038663695970099 4.095689310587562
gap3 10.786386602704605 5.956278513530529
gap4 17.69132100119452 10.966600349805775
gap5 0.820195988635151 8.948662868679598
gap6 7.5413322554838045 6.72723023756336
gap7 17.06471685854586 5.723395113766365
