wall0 6.666666666666667 6.003981244549151 0.75 0.05 12.007962489098302 1.5
wall1 6.666666666666667 13.90398124454915 0.75 0.05 2.192037510901697 1.5
wall2 13.333333333333334 5.773992885137906 0.75 0.05 11.547985770275812 1.5
wall3 13.333333333333334 13.673992885137906 0.75 0.05 2.6520142297241875 1.5
wall4 2.4760795561371087 8.261948374366447 0.75 4.9521591122742175 0.05 1.5
wall5 6.209412889470443 8.261948374366447 0.75 0.9145075543924488 0.05 1.5
wall6 6.91585894905343 8.03372055181172 0.75 0.49838456477352544 0.05 1.5
wall7 10.649192282386764 8.03372055181172 0.75 5.368282101893141 0.05 1.5
wall8 14.562668602589673 7.660184251133028 0.75 2.4586705385126777 0.05 1.5
wall9 18.296001935923005 7.660184251133028 0.75 3.4079961281539894 0.05 1.5
wall10 0.4048577271561759 6.386949341344689 0.75 0.8097154543123518 0.05 1.5
wall11 4.138191060489509 6.386949341344689 0.75 5.056951212354315 0.05 1.5
wall12 9.222287190591166 6.321403470494575 0.75 5.1112410478489965 0.05 1.5
wall13 12.955620523924498 6.321403470494575 0.75 0.7554256188176698 0.05 1.5
wall14 14.635106490958233 9.982188827944993 0.75 2.6035463152497975 0.05 1.5
wall15 18.368439824291563 9.982188827944993 0.75 3.2631203514168696 0.05 1.5
gap0 6.666666666666667 12.407962489098303
gap1 13.333333333333334 11.947985770275812
gap2 5.352159112274218 8.261948374366447
gap3 7.565051231440193 8.03372055181172
gap4 16.192003871846012 7.660184251133028
gap5 1.2097154543123518 6.386949341344689
gap6 12.177907714515664 6.321403470494575
gap7 16.336879648583132 9.982188827944993
