16
wall0 6.666666666666667 0.296013655541068 0.75 0.05 0.592027311082136 1.5
wall1 6.666666666666667 8.196013655541067 0.75 0.05 13.607972688917863 1.5
wall2 13.333333333333334 5.605756025786178 0.75 0.05 11.211512051572356 1.5
wall3 13.333333333333334 13.505756025786178 0.75 0.05 2.988487948427643 1.5
wall4 2.1628675366676453 4.251417455341301 0.75 4.325735073335291 0.05 1.5
wall5 5.896200870000979 4.251417455341301 0.75 1.5409315933313756 0.05 1.5
wall6 7.073767071825911 7.885150562286439 0.75 0.8142008103184875 0.05 1.5
wall7 10.807100405159243 7.885150562286439 0.75 5.05246585634818 0.05 1.5
wall8 13.607654295718467 5.53074313982662 0.75 0.5486419247702656 0.05 1.5
wall9 17.3409876290518 5.53074313982662 0.75 5.3180247418964 0.05 1.5
wall10 1.6486128478293496 9.4184761090205 0.75 3.297225695658699 0.05 1.5
wall11 5.381946181162683 9.4184761090205 0.75 2.5694409710079675 0.05 1.5
wall12 8.108759490136698 8.851713634080484 0.75 2.8841856469400637 0.05 1.5
wall13 11.842092823470033 8.851713634080484 0.75 2.9824810197266025 0.05 1.5
wall14 15.808015403737109 7.549787282958217 0.75 4.9493641408075515 0.05 1.5
wall15 19.541348737070443 7.549787282958217 0.75 0.9173025258591174 0.05 1.5
gap0 6.666666666666667 0.992027311082136
gap1 13.333333333333334 11.611512051572356
gap2 4.725735073335291 4.251417455341301
gap3 7.880867476985154 7.885150562286439
gap4 14.2819752581036 5.53074313982662
gap5 3.697225695658699 9.4184761090205
gap6 9.950852313606731 8.851713634080484
gap7 18.682697474140884 7.549787282958217
