10
wall0 6.666666666666667 0.29031752360799323 0.75 0.05 0.5806350472159865 1.5
wall1 6.666666666666667 8.190317523607993 0.75 0.05 13.619364952784014 1.5
wall2 13.333333333333334 2.5364251383660137 0.75 0.05 5.072850276732027 1.5
wall3 13.333333333333334 10.436425138366014 0.75 0.05 9.127149723267973 1.5
wall4 0.9639120669391599 8.269362920052277 0.75 1.9278241338783197 0.05 1.5
wall5 4.697245400272493 8.269362920052277 0.75 3.9388425327883474 0.05 1.5
wall6 8.116001286695102 8.094145559820156 0.75 2.898669240056871 0.05 1.5
wall7 11.849334620028436 8.094145559820156 0.75 2.967997426609795 0.05 1.5
wall8 15.687253783808984 8.973032937670787 0.75 4.707840900951302 0.05 1.5
wall9 19.42058711714232 8.973032937670787 0.75 1.1588257657153669 0.05 1.5
gap0 6.666666666666667 0.9806350472159865
gap1 13.333333333333334 5.472850276732028
gap2 2.3278241338783197 8.269362920052277
gap3 9.965335906723539 8.094145559820156
gap4 18.441174234284635 8.973032937670787
