16
wall0 6.666666666666667 2.7881801298108355 0.75 0.05 5.576360259621671 1.5
wall1 6.666666666666667 10.688180129810835 0.75 0.05 8.623639740378328 1.5
wall2 13.333333333333334 5.8256138988977195 0.75 0.05 11.651227797795439 1.5
wall3 13.333333333333334 13.72561389889772 0.75 0.05 2.5487722022045602 1.5
wall4 1.205236862847922 6.778151779845945 0.75 2.410473725695844 0.05 1.5
wall5 4.938570196181256 6.778151779845945 0.75 3.456192940970823 0.05 1.5
wall6 9.176801494726305 8.648359669981547 0.75 5.020269656119276 0.05 1.5
wall7 12.91013482805964 8.648359669981547 0.75 0.8463970105473901 0.05 1.5
wall8 15.21670985951203 4.102933401025305 0.75 3.7667530523573927 0.05 1.5
wall9 18.950043192845364 4.102933401025305 0.75 2.0999136143092763 0.05 1.5
wall10 1.7282702220744393 9.482064363127527 0.75 3.4565404441488785 0.05 1.5
wall11 5.461603555407773 9.482064363127527 0.75 2.410126222517788 0.05 1.5
wall12 9.096755787849364 4.931855509513697 0.75 4.860178242365396 0.05 1.5
wall13 12.830089121182699 4.931855509513697 0.75 1.0064884243012706 0.05 1.5
wall14 15.550869158166098 8.196209836747887 0.75 4.435071649665526 0.05 1.5
wall15 19.28420249149943 8.196209836747887 0.75 1.4315950170011433 0.05 1.5
gap0 6.666666666666667 5.976360259621671
gap1 13.333333333333334 12.05122779779544
gap2 2.810473725695844 6.778151779845945
gap3 12.086936322785943 8.648359669981547
gap4 17.500086385690725 4.102933401025305
gap5 3.8565404441488784 9.482064363127527
gap6 11.926844909032063 4.931855509513697
gap7 18.168404982998858 8.196209836747887
