18
wall0 6.666666666666667 6.745893723426154 0.75 0.05 13.491787446852308 1.5
wall1 6.666666666666667 14.645893723426155 0.75 0.05 0.7082125531476908 1.5
wall2 13.333333333333334 2.36180898237903 0.75 0.05 4.72361796475806 1.5
wall3 13.333333333333334 10.26180898237903 0.75 0.05 9.47638203524194 1.5
wall4 1.61905190206996 10.284328405230388 0.75 3.23810380413992 0.05 1.5
wall5 5.352385235403293 10.284328405230388 0.75 2.6285628625267465 0.05 1.5
wall6 8.801793299995307 7.48326164690471 0.75 4.2702532666572806 0.05 1.5
wall7 12.535126633328641 7.48326164690471 0.75 1.5964134000093857 0.05 1.5
wall8 13.839326121790126 8.52802693499819 0.75 1.0119855769135846 0.05 1.5
wall9 17.57265945512346 8.52802693499819 0.75 4.854681089753081 0.05 1.5
table0 16.62030622444984 3.2264045496985565 0.35 0.5498374598864125 0.5498374598864125 0.7
table1 18.11732144275718 5.117461854380119 0.35 0.5498374598864125 0.5498374598864125 0.7
table2 19.392591474424158 5.0191814174190865 0.35 0.5498374598864125 0.5498374598864125 0.7
table3 18.61571839580453 7.397830332045294 0.35 0.5498374598864125 0.5498374598864125 0.7
table4 15.792629608316528 9.13696764795378 0.35 0.5498374598864125 0.5498374598864125 0.7
table5 18.15889511931093 10.626690764647845 0.35 0.5498374598864125 0.5498374598864125 0.7
table6 16.19575532999008 14.224553909423527 0.35 0.5498374598864125 0.5498374598864125 0.7
table7 17.118019886006294 10.599317917547186 0.35 0.5498374598864125 0.5498374598864125 0.7
gap0 6.666666666666667 13.891787446852309
gap1 13.333333333333334 5.12361796475806
gap2 3.63810380413992 10.284328405230388
gap3 11.336919933323948 7.48326164690471
gap4 14.745318910246919 8.52802693499819
