18
wall0 6.666666666666667 4.2810313576379 0.75 0.05 8.5620627152758 1.5
wall1 6.666666666666667 12.1810313576379 0.75 0.05 5.637937284724199 1.5
wall2 13.333333333333334 4.390080364777504 0.75 0.05 8.780160729555009 1.5
wall3 13.333333333333334 12.290080364777506 0.75 0.05 5.4198392704449905 1.5
wall4 2.5893268123705075 6.478989607720079 0.75 5.178653624741015 0.05 1.5
wall5 6.322660145703841 6.478989607720079 0.75 0.6880130419256512 0.05 1.5
wall6 8.17031247599273 10.283044478465051 0.75 3.0072916186521264 0.05 1.5
wall7 11.903645809326065 10.283044478465051 0.75 2.85937504801454 0.05 1.5
wall8 16.0074929983848 7.794651399973788 0.75 5.348319330102937 0.05 1.5
wall9 19.740826331718132 7.794651399973788 0.75 0.5183473365637319 0.05 1.5
table0 19.078759390496185 7.223933627896546 0.35 0.475094133020262 0.475094133020262 0.7
table1 18.896107132547606 4.418685890928898 0.35 0.475094133020262 0.475094133020262 0.7
table2 16.604099428261126 0.6983109273269977 0.35 0.475094133020262 0.475094133020262 0.7
table3 14.398846672686503 5.214100003068344 0.35 0.475094133020262 0.475094133020262 0.7
table4 16.95682724139989 9.68993300634453 0.35 0.475094133020262 0.475094133020262 0.7
table5 17.860482213398473 13.699480961786142 0.35 0.475094133020262 0.475094133020262 0.7
table6 18.674834636073744 9.353833911700464 0.35 0.475094133020262 0.475094133020262 0.7
table7 15.014237351614243 11.962701833186774 0.35 0.475094133020262 0.475094133020262 0.7
gap0 6.666666666666667 8.9620627152758
gap1 13.333333333333334 9.18016072955501
gap2 5.5786536247410154 6.478989607720079
gap3 10.073958285318794 10.283044478465051
gap4 19.08165266343627 7.794651399973788

