18
wall0 6.666666666666667 0.8351300892937965 0.75 0.05 1.670260178587593 1.5
wall1 6.666666666666667 8.735130089293797 0.75 0.05 12.529739821412408 1.5
wall2 13.333333333333334 3.9560180204938513 0.75 0.05 7.912036040987703 1.5
wall3 13.333333333333334 11.856018020493853 0.75 0.05 6.287963959012297 1.5
wall4 0.5050762631033716 9.627865204920418 0.75 1.0101525262067432 0.05 1.5
wall5 4.238409596436705 9.627865204920418 0.75 4.8565141404599235 0.05 1.5
wall6 7.192506080685842 5.255771126495382 0.75 1.0516788280383507 0.05 1.5
wall7 10.925839414019176 5.255771126495382 0.75 4.814987838628316 0.05 1.5
wall8 15.602046139029536 4.709308583788385 0.75 4.537425611392402 0.05 1.5
wall9 19.335379472362867 4.709308583788385 0.75 1.3292410552742666 0.05 1.5
table0 18.83927269334337 0.8547094759603162 0.35 0.40255150218335306 0.40255150218335306 0.7
table1 18.387928957756305 2.805383325148881 0.35 0.40255150218335306 0.40255150218335306 0.7
table2 14.275710421178518 1.7483831996172474 0.35 0.40255150218335306 0.40255150218335306 0.7
table3 17.35716876432778 2.9786404562687823 0.35 0.40255150218335306 0.40255150218335306 0.7
table4 18.828254042167 9.972287069407727 0.35 0.40255150218335306 0.40255150218335306 0.7
table5 16.948217925476218 9.438814877113678 0.35 0.40255150218335306 0.40255150218335306 0.7
table6 14.025279698518924 9.992731442189449 0.35 0.40255150218335306 0.40255150218335306 0.7
table7 17.14935967425633 14.096382034059058 0.35 0.40255150218335306 0.40255150218335306 0.7
gap0 6.666666666666667 2.070260178587593
gap1 13.333333333333334 8.312036040987703
gap2 1.4101525262067431 9.627865204920418
gap3 8.118345494705018 5.255771126495382
gap4 18.270758944725735 4.709308583788385

