18
wall0 6.666666666666667 4.243133635946326 0.75 0.05 8.486267271892652 1.5
wall1 6.666666666666667 12.143133635946327 0.75 0.05 5.713732728107347 1.5
wall2 13.333333333333334 3.119523351977119 0.75 0.05 6.239046703954238 1.5
wall3 13.333333333333334 11.019523351977119 0.75 0.05 7.960953296045761 1.5
wall4 2.573204197802005 8.612835618734525 0.75 5.14640839560401 0.05 1.5
wall5 6.306537531135339 8.612835618734525 0.75 0.7202582710626562 0.05 1.5
wall6 7.857492677375211 4.205738047603903 0.75 2.3816520214170884 0.05 1.5
wall7 11.590826010708545 4.205738047603903 0.75 3.485014645249578 0.05 1.5
wall8 14.877758270512576 5.643548329874653 0.75 3.088849874358486 0.05 1.5
wall9 18.611091603845907 5.643548329874653 0.75 2.777816792308183 0.05 1.5
table0 14.699539621150487 0.8234885158860573 0.35 0.4654642333226931 0.4654642333226931 0.7
table1 19.07586496295526 1.8251664286986966 0.35 0.4654642333226931 0.4654642333226931 0.7
table2 16.355243399990155 2.010652006484046 0.35 0.4654642333226931 0.4654642333226931 0.7
table3 18.12095016006332 3.647378334518805 0.35 0.4654642333226931 0.4654642333226931 0.7
table4 15.992962358494214 8.450276276874874 0.35 0.4654642333226931 0.4654642333226931 0.7
table5 18.671976723682754 13.068968798543164 0.35 0.4654642333226931 0.4654642333226931 0.7
table6 18.878268530683066 13.893976884016755 0.35 0.4654642333226931 0.4654642333226931 0.7
table7 18.148023613328412 11.148242369028509 0.35 0.4654642333226931 0.4654642333226931 0.7
gap0 6.666666666666667 8.886267271892653
gap1 13.333333333333334 6.6390467039542385
gap2 5.54640839560401 8.612835618734525
gap3 9.448318688083756 4.205738047603903
gap4 16.82218320769182 5.643548329874653

