18
wall0 6.666666666666667 5.054047531642125 0.75 0.05 10.10809506328425 1.5
wall1 6.666666666666667 12.954047531642125 0.75 0.05 4.09190493671575 1.5
wall2 13.333333333333334 1.3893610252194415 0.75 0.05 2.778722050438883 1.5
wall3 13.333333333333334 9.289361025219442 0.75 0.05 11.421277949561118 1.5
wall4 2.304143820878935 8.312548486706076 0.75 4.60828764175787 0.05 1.5
wall5 6.037477154212269 8.312548486706076 0.75 1.2583790249087965 0.05 1.5
wall6 7.741441086356167 4.966743710749874 0.75 2.1495488393789985 0.05 1.5
wall7 11.4747744196895 4.966743710749874 0.75 3.7171178272876677 0.05 1.5
wall8 15.88702115443867 7.580075261204522 0.75 5.1073756422106715 0.05 1.5
wall9 19.620354487772 7.580075261204522 0.75 0.7592910244559974 0.05 1.5
table0 17.568039302373883 4.694277416804823 0.35 0.5432203637844943 0.5432203637844943 0.7
table1 17.529624660257753 2.0996742776647945 0.35 0.5432203637844943 0.5432203637844943 0.7
table2 18.57400497551331 0.7231560998971849 0.35 0.5432203637844943 0.5432203637844943 0.7
table3 17.70487708960922 6.639132164576447 0.35 0.5432203637844943 0.5432203637844943 0.7
table4 14.91376385414973 10.398032201451144 0.35 0.5432203637844943 0.5432203637844943 0.7
table5 16.849651087594054 11.887352208233771 0.35 0.5432203637844943 0.5432203637844943 0.7
table6 14.395137520897341 9.867176692662076 0.35 0.5432203637844943 0.5432203637844943 0.7
table7 17.260893840198605 14.148947577727743 0.35 0.5432203637844943 0.5432203637844943 0.7
gap0 6.666666666666667 10.50809506328425
gap1 13.333333333333334 3.178722050438883
gap2 5.00828764175787 8.312548486706076
gap3 9.216215506045666 4.966743710749874
gap4 18.840708975544004 7.580075261204522

