23
wall0 6.666666666666667 5.215540309873152 0.75 0.05 10.431080619746304 1.5
wall1 6.666666666666667 13.115540309873152 0.75 0.05 3.7689193802536956 1.5
wall2 13.333333333333334 6.896673583742706 0.75 0.05 13.793347167485411 1.5
wall3 13.333333333333334 14.796673583742706 0.75 0.05 0.40665283251458817 1.5
wall4 0.5573709709756267 5.405752186354168 0.75 1.1147419419512534 0.05 1.5
wall5 4.29070430430896 5.405752186354168 0.75 4.751924724715414 0.05 1.5
wall6 7.9130718162817875 6.230036863035357 0.75 2.49281029923024 0.05 1.5
wall7 11.64640514961512 6.230036863035357 0.75 3.373856367436426 0.05 1.5
wall8 14.027610865095358 8.255945710885566 0.75 1.3885550635240467 0.05 1.5
wall9 17.76094419842869 8.255945710885566 0.75 4.478111603142619 0.05 1.5
gap0 6.666666666666667 10.831080619746304
gap1 13.333333333333334 14.193347167485411
gap2 1.5147419419512536 5.405752186354168
gap3 9.559476965896907 6.230036863035357
gap4 15.121888396857381 8.255945710885566
table0 14.958487975149033 6.45446579450015 0.35 0.5233526529231276 0.5233526529231276 0.7
table1 15.12981382509822 1.9775076560453104 0.35 0.5233526529231276 0.5233526529231276 0.7
table2 15.930644724994456 6.235415242988994 0.35 0.5233526529231276 0.5233526529231276 0.7
table3 16.704023043394972 2.3544579379923394 0.35 0.5233526529231276 0.5233526529231276 0.7
table4 15.390320259922698 11.338264994250057 0.35 0.5233526529231276 0.5233526529231276 0.7
table5 17.65721840479315 13.69878695518783 0.35 0.5233526529231276 0.5233526529231276 0.7
table6 18.15279494217777 12.403960275124394 0.35 0.5233526529231276 0.5233526529231276 0.7
table7 16.194831083126303 9.317664332839064 0.35 0.5233526529231276 0.5233526529231276 0.7
