23
wall0 6.666666666666667 0.7931645284279083 0.75 0.05 1.5863290568558166 1.5
wall1 6.666666666666667 8.693164528427909 0.75 0.05 12.613670943144184 1.5
wall2 13.333333333333334 0.4359903598293248 0.75 0.05 0.8719807196586497 1.5
wall3 13.333333333333334 8.335990359829324 0.75 0.05 13.328019280341351 1.5
wall4 2.6464254578038644 10.586969549998859 0.75 5.292850915607729 0.05 1.5
wall5 6.379758791137198 10.586969549998859 0.75 0.5738157510589375 0.05 1.5
wall6 7.379528695896772 8.022933677639175 0.75 1.4257240584602107 0.05 1.5
wall7 11.112862029230106 8.022933677639175 0.75 4.440942608206456 0.05 1.5
wall8 15.782724910271394 4.780250019138874 0.75 4.898783153876119 0.05 1.5
wall9 19.516058243604725 4.780250019138874 0.75 0.9678835127905501 0.05 1.5
gap0 6.666666666666667 1.9863290568558165
gap1 13.333333333333334 1.2719807196586497
gap2 5.692850915607729 10.586969549998859
gap3 8.492390725126878 8.022933677639175
gap4 18.63211648720945 4.780250019138874
table0 15.289234927887883 2.837833057867371 0.35 0.5158133404517544 0.5158133404517544 0.7
table1 16.778882684195448 2.3397119372810407 0.35 0.5158133404517544 0.5158133404517544 0.7
table2 19.10391720080964 3.720464664823078 0.35 0.5158133404517544 0.5158133404517544 0.7
table3 17.8959834594945 4.2616908198017125 0.35 0.5158133404517544 0.5158133404517544 0.7
table4 14.148765015844788 8.329067643881856 0.35 0.5158133404517544 0.5158133404517544 0.7
table5 18.03749529260836 12.600951554393104 0.35 0.5158133404517544 0.5158133404517544 0.7
table6 17.115421221741734 12.77772111093499 0.35 0.5158133404517544 0.5158133404517544 0.7
table7 15.135203170640354 8.253668972036696 0.35 0.5158133404517544 0.5158133404517544 0.7
