23
wall0 6.666666666666667 1.3814857292079938 0.75 0.05 2.7629714584159877 1.5
wall1 6.666666666666667 9.281485729207994 0.75 0.05 11.437028541584013 1.5
wall2 13.333333333333334 2.0859759942604628 0.75 0.05 4.1719519885209255 1.5
wall3 13.333333333333334 9.985975994260464 0.75 0.05 10.028048011479074 1.5
wall4 0.6150899737772932 6.9617471205672965 0.75 1.2301799475545865 0.05 1.5
wall5 4.348423307110627 6.9617471205672965 0.75 4.636486719112081 0.05 1.5
wall6 8.967247984958645 9.16176589389023 0.75 4.601162636583957 0.05 1.5
wall7 12.70058131829198 9.16176589389023 0.75 1.2655040300827096 0.05 1.5
wall8 13.932700560840104 7.115666454953142 0.75 1.1987344550135415 0.05 1.5
wall9 17.666033894173438 7.115666454953142 0.75 4.667932211653124 0.05 1.5
gap0 6.666666666666667 3.1629714584159876
gap1 13.333333333333334 4.571951988520926
gap2 1.6301799475545864 6.9617471205672965
gap3 11.667829303250624 9.16176589389023
gap4 14.932067788346876 7.115666454953142
table0 14.005788912718838 6.231061075919458 0.35 0.5377129397109984 0.5377129397109984 0.7
table1 16.208658324623208 6.328748443706895 0.35 0.5377129397109984 0.5377129397109984 0.7
table2 18.980180691926293 4.098467901457955 0.35 0.5377129397109984 0.5377129397109984 0.7
table3 13.98450777550816 3.2763874978661542 0.35 0.5377129397109984 0.5377129397109984 0.7
table4 15.67894118607742 12.894279867474385 0.35 0.5377129397109984 0.5377129397109984 0.7
table5 15.364167104112383 13.967850872223948 0.35 0.5377129397109984 0.5377129397109984 0.7
table6 16.6908556942187 9.74753952657759 0.35 0.5377129397109984 0.5377129397109984 0.7
table7 18.750161629581033 9.25066143545719 0.35 0.5377129397109984 0.5377129397109984 0.7
