23
wall0 6.666666666666667 5.778777694988819 0.75 0.05 11.557555389977638 1.5
wall1 6.666666666666667 13.67877769498882 0.75 0.05 2.642444610022361 1.5
wall2 13.333333333333334 6.41667673785352 0.75 0.05 12.83335347570704 1.5
wall3 13.333333333333334 14.31667673785352 0.75 0.05 1.3666465242929586 1.5
wall4 2.7182127068810975 10.708888898232821 0.75 5.436425413762195 0.05 1.5
wall5 6.451546040214431 10.708888898232821 0.75 0.43024125290447124 0.05 1.5
wall6 9.329770021682304 5.0824431330122515 0.75 5.326206710031275 0.05 1.5
wall7 13.063103355015638 5.0824431330122515 0.75 0.5404599566353916 0.05 1.5
wall8 15.829910247540234 7.642473912798408 0.75 4.9931538284137975 0.05 1.5
wall9 19.563243580873564 7.642473912798408 0.75 0.8735128382528714 0.05 1.5
gap0 6.666666666666667 11.957555389977639
gap1 13.333333333333334 13.233353475707041
gap2 5.836425413762195 10.708888898232821
gap3 12.392873376697942 5.0824431330122515
gap4 18.72648716174713 7.642473912798408
table0 18.995344974295634 3.5730454138234764 0.35 0.519276362269664 0.519276362269664 0.7
table1 19.448181238506287 6.945390261825812 0.35 0.519276362269664 0.519276362269664 0.7
table2 18.106333310573337 2.684720788956174 0.35 0.519276362269664 0.519276362269664 0.7
table3 14.47601643027333 6.014486331913768 0.35 0.519276362269664 0.519276362269664 0.7
table4 16.90130664992005 14.148190689233857 0.35 0.519276362269664 0.519276362269664 0.7
table5 15.718903141608035 11.566494914021057 0.35 0.519276362269664 0.519276362269664 0.7
table6 15.42099824476631 13.684854985496948 0.35 0.519276362269664 0.519276362269664 0.7
table7 17.127419799603558 9.461656616746419 0.35 0.519276362269664 0.519276362269664 0.7
