18
wall0 6.666666666666667 0.9640623970095874 0.75 0.05 1.9281247940191748 1.5
wall1 6.666666666666667 8.864062397009587 0.75 0.05 12.271875205980825 1.5
wall2 13.333333333333334 3.9559081552718007 0.75 0.05 7.9118163105436015 1.5
wall3 13.333333333333334 11.855908155271802 0.75 0.05 6.288183689456398 1.5
wall4 0.27900967290172213 8.530281870958902 0.75 0.5580193458034443 0.05 1.5
wall5 4.012343006235056 8.530281870958902 0.75 5.308647320863223 0.05 1.5
wall6 7.313431917752633 7.2821665801046995 0.75 1.2935305021719303 0.05 1.5
wall7 11.046765251085965 7.2821665801046995 0.75 4.573136164494736 0.05 1.5
wall8 13.886461264880834 5.857313260734966 0.75 1.1062558630950008 0.05 1.5
wall9 17.619794598214167 5.857313260734966 0.75 4.760410803571665 0.05 1.5
table0 13.986789413035218 4.257072020142514 0.35 0.5176123195544706 0.5176123195544706 0.7
table1 16.18373641140686 2.040559999020128 0.35 0.5176123195544706 0.5176123195544706 0.7
table2 18.01620410721745 2.3947076860993315 0.35 0.5176123195544706 0.5176123195544706 0.7
table3 18.85020549239486 4.328088728585509 0.35 0.5176123195544706 0.5176123195544706 0.7
table4 14.577151663842148 7.761227054092645 0.35 0.5176123195544706 0.5176123195544706 0.7
table5 16.141526843954892 13.661249697961345 0.35 0.5176123195544706 0.5176123195544706 0.7
table6 16.50694354082051 10.69643979272292 0.35 0.5176123195544706 0.5176123195544706 0.7
table7 16.63236202885224 14.432796536237483 0.35 0.5176123195544706 0.5176123195544706 0.7
gap0 6.666666666666667 2.3281247940191747
gap1 13.333333333333334 8.311816310543602
gap2 0.9580193458034443 8.530281870958902
gap3 8.360197168838598 7.2821665801046995
gap4 14.839589196428335 5.857313260734966
