18
wall0 6.666666666666667 0.5616164655899238 0.75 0.05 1.1232329311798477 1.5
wall1 6.666666666666667 8.461616465589923 0.75 0.05 13.076767068820153 1.5
wall2 13.333333333333334 2.2345317518529737 0.75 0.05 4.469063503705947 1.5
wall3 13.333333333333334 10.134531751852974 0.75 0.05 9.730936496294053 1.5
wall4 2.689949178592608 5.514855534919099 0.75 5.379898357185216 0.05 1.5
wall5 6.423282511925942 5.514855534919099 0.75 0.4867683094814499 0.05 1.5
wall6 9.173808094489704 9.097025503791253 0.75 5.0142828556460755 0.05 1.5
wall7 12.907141427823039 9.097025503791253 0.75 0.8523838110205908 0.05 1.5
wall8 15.62170019776563 7.551320285683341 0.75 4.576733728864591 0.05 1.5
wall9 19.35503353109896 7.551320285683341 0.75 1.289932937802078 0.05 1.5
table0 17.798906301877878 5.453243742568664 0.35 0.4264897825973534 0.4264897825973534 0.7
table1 19.193478183656424 2.4101347345498763 0.35 0.4264897825973534 0.4264897825973534 0.7
table2 15.875399606152206 2.2344219364652376 0.35 0.4264897825973534 0.4264897825973534 0.7
table3 16.378820999850543 5.988649058497338 0.35 0.4264897825973534 0.4264897825973534 0.7
table4 16.781342987026644 10.08668136340658 0.35 0.4264897825973534 0.4264897825973534 0.7
table5 19.55534900218107 13.506186304899071 0.35 0.4264897825973534 0.4264897825973534 0.7
table6 14.031802670625858 14.293124559765259 0.35 0.4264897825973534 0.4264897825973534 0.7
table7 18.47260161720036 12.787745739635767 0.35 0.4264897825973534 0.4264897825973534 0.7
gap0 6.666666666666667 1.5232329311798476
gap1 13.333333333333334 4.869063503705948
gap2 5.779898357185217 5.514855534919099
gap3 12.080949522312743 9.097025503791253
gap4 18.310067062197923 7.551320285683341

