18
wall0 6.666666666666667 3.413256676405815 0.75 0.05 6.82651335281163 1.5
wall1 6.666666666666667 11.313256676405816 0.75 0.05 7.373486647188369 1.5
wall2 13.333333333333334 3.7815593611672265 0.75 0.05 7.563118722334453 1.5
wall3 13.333333333333334 11.681559361167228 0.75 0.05 6.636881277665546 1.5
wall4 2.156517795094678 7.16856125866525 0.75 4.313035590189356 0.05 1.5
wall5 5.8898511284280115 7.16856125866525 0.75 1.55363107647731 0.05 1.5
wall6 9.280179027808085 9.744868681516028 0.75 5.227024722282837 0.05 1.5
wall7 13.01351236114142 9.744868681516028 0.75 0.639641944383829 0.05 1.5
wall8 14.105994078640665 6.5584296159037105 0.75 1.5453214906146613 0.05 1.5
wall9 17.839327411973997 6.5584296159037105 0.75 4.321345176052004 0.05 1.5
table0 17.632642712607467 4.563790575964691 0.35 0.43608742383825533 0.43608742383825533 0.7
table1 18.37496057036706 3.0569974008513507 0.35 0.43608742383825533 0.43608742383825533 0.7
table2 17.781996567198014 4.080787298525324 0.35 0.43608742383825533 0.43608742383825533 0.7
table3 18.646899809499317 1.8614052611386793 0.35 0.43608742383825533 0.43608742383825533 0.7
table4 13.841076480841348 10.789111701045027 0.35 0.43608742383825533 0.43608742383825533 0.7
table5 17.653127264315682 12.595763029857153 0.35 0.43608742383825533 0.43608742383825533 0.7
table6 14.587100076605797 12.95037653053884 0.35 0.43608742383825533 0.43608742383825533 0.7
table7 14.985196606313401 13.40726255414068 0.35 0.43608742383825533 0.43608742383825533 0.7
gap0 6.666666666666667 7.22651335281163
gap1 13.333333333333334 7.963118722334453
gap2 4.713035590189357 7.16856125866525
gap3 12.293691388949505 9.744868681516028
gap4 15.278654823947996 6.5584296159037105

