18
wall0 6.666666666666667 2.8320796799775914 0.75 0.05 5.664159359955183 1.5
wall1 6.666666666666667 10.732079679977591 0.75 0.05 8.535840640044817 1.5
wall2 13.333333333333334 1.1942860253224483 0.75 0.05 2.3885720506448966 1.5
wall3 13.333333333333334 9.094286025322448 0.75 0.05 11.811427949355103 1.5
wall4 0.36302843992684725 10.417147649783757 0.75 0.7260568798536945 0.05 1.5
wall5 4.096361773260181 10.417147649783757 0.75 5.1406097868129725 0.05 1.5
wall6 8.84542898503383 10.9935671199772 0.75 4.357524636734328 0.05 1.5
wall7 12.578762318367165 10.9935671199772 0.75 1.5091420299323381 0.05 1.5
wall8 15.820421096901445 10.609848248929378 0.75 4.974175527136223 0.05 1.5
wall9 19.553754430234775 10.609848248929378 0.75 0.8924911395304456 0.05 1.5
table0 17.534561732470124 4.789461204948719 0.35 0.5046051159667659 0.5046051159667659 0.7
table1 18.81641957654984 4.130679421885975 0.35 0.5046051159667659 0.5046051159667659 0.7
table2 15.700438751745741 2.0700897210628835 0.35 0.5046051159667659 0.5046051159667659 0.7
table3 15.54121750120989 8.56501549722093 0.35 0.5046051159667659 0.5046051159667659 0.7
table4 15.672082240931084 11.316014740924489 0.35 0.5046051159667659 0.5046051159667659 0.7
table5 19.019170231404356 11.832328466840973 0.35 0.5046051159667659 0.5046051159667659 0.7
table6 15.592620135482996 14.301417946237422 0.35 0.5046051159667659 0.5046051159667659 0.7
table7 14.308201956499525 12.68534711194072 0.35 0.5046051159667659 0.5046051159667659 0.7
gap0 6.666666666666667 6.064159359955183
gap1 13.333333333333334 2.7885720506448965
gap2 1.1260568798536945 10.417147649783757
gap3 11.424191303400995 10.9935671199772
gap4 18.707508860469556 10.609848248929378

