23
wall0 6.666666666666667 1.3243436501791084 0.75 0.05 2.6486873003582168 1.5
wall1 6.666666666666667 9.224343650179108 0.75 0.05 11.551312699641784 1.5
wall2 13.333333333333334 3.8498536866476405 0.75 0.05 7.699707373295281 1.5
wall3 13.333333333333334 11.74985368664764 0.75 0.05 6.500292626704718 1.5
wall4 0.47041504784870186 5.925785421419199 0.75 0.9408300956974037 0.05 1.5
wall5 4.203748381182035 5.925785421419199 0.75 4.925836570969263 0.05 1.5
wall6 8.234108687747167 7.075127088269253 0.75 3.1348840421609987 0.05 1.5
wall7 11.967442021080501 7.075127088269253 0.75 2.7317826245056676 0.05 1.5
wall8 15.12734659757498 4.969878855921271 0.75 3.588026528483292 0.05 1.5
wall9 18.86067993090831 4.969878855921271 0.75 2.278640138183377 0.05 1.5
gap0 6.666666666666667 3.0486873003582167
gap1 13.333333333333334 8.099707373295281
gap2 1.3408300956974037 5.925785421419199
gap3 10.201550708827666 7.075127088269253
gap4 17.321359861816624 4.969878855921271
table0 17.95632087658918 2.134267179347116 0.35 0.5700080779071047 0.5700080779071047 0.7
table1 19.229853387079427 3.4655614155615972 0.35 0.5700080779071047 0.5700080779071047 0.7
table2 14.538048960322392 2.849623938221602 0.35 0.5700080779071047 0.5700080779071047 0.7
table3 16.673691399312624 0.7686807825102202 0.35 0.5700080779071047 0.5700080779071047 0.7
table4 17.639458970389114 6.196573388301438 0.35 0.5700080779071047 0.5700080779071047 0.7
table5 18.669056306275934 10.429406238784168 0.35 0.5700080779071047 0.5700080779071047 0.7
table6 18.993451955872946 12.170937291182813 0.35 0.5700080779071047 0.5700080779071047 0.7
table7 17.185614937141928 13.291187742559732 0.35 0.5700080779071047 0.5700080779071047 0.7
