18
wall0 6.666666666666667 0.5279314356832923 0.75 0.05 1.0558628713665845 1.5
wall1 6.666666666666667 8.427931435683291 0.75 0.05 13.144137128633416 1.5
wall2 13.333333333333334 0.3430378388528775 0.75 0.05 0.686075677705755 1.5
wall3 13.333333333333334 8.243037838852878 0.75 0.05 13.513924322294244 1.5
wall4 2.6551822958003157 8.22033504115198 0.75 5.3103645916006315 0.05 1.5
wall5 6.38851562913365 8.22033504115198 0.75 0.5563020750660348 0.05 1.5
wall6 8.30217772906609 6.906426287069531 0.75 3.2710221247988462 0.05 1.5
wall7 12.035511062399424 6.906426287069531 0.75 2.59564454186782 0.05 1.5
wall8 14.581814878424558 10.621340798656284 0.75 2.4969630901824473 0.05 1.5
wall9 18.31514821175789 10.621340798656284 0.75 3.36970357648422 0.05 1.5
table0 13.923034795160694 9.589743682462561 0.35 0.5384264013155576 0.5384264013155576 0.7
table1 18.64331503666721 7.324955400108429 0.35 0.5384264013155576 0.5384264013155576 0.7
table2 17.378201310768276 6.055425065056779 0.35 0.5384264013155576 0.5384264013155576 0.7
table3 17.121426466388574 4.861511643436403 0.35 0.5384264013155576 0.5384264013155576 0.7
table4 17.536833054772288 12.410522126593067 0.35 0.5384264013155576 0.5384264013155576 0.7
table5 15.081896918526242 12.952091413598758 0.35 0.5384264013155576 0.5384264013155576 0.7
table6 18.252049427784634 13.973211255998937 0.35 0.5384264013155576 0.5384264013155576 0.7
table7 14.55777601061493 12.18409259309919 0.35 0.5384264013155576 0.5384264013155576 0.7
gap0 6.666666666666667 1.4558628713665844
gap1 13.333333333333334 1.086075677705755
gap2 5.710364591600632 8.22033504115198
gap3 10.337688791465514 6.906426287069531
gap4 16.23029642351578 10.621340798656284
