10
wall0 6.666666666666667 4.490681509731798 0.75 0.05 8.981363019463595 1.5
wall1 6.666666666666667 12.390681509731799 0.75 0.05 5.218636980536404 1.5
wall2 13.333333333333334 1.273163728859451 0.75 0.05 2.546327457718902 1.5
wall3 13.333333333333334 9.173163728859452 0.75 0.05 11.653672542281099 1.5
wall4 2.568847256813775 4.786350000135511 0.75 5.13769451362755 0.05 1.5
wall5 6.302180590147109 4.786350000135511 0.75 0.7289721530391162 0.05 1.5
wall6 8.653743956414718 10.302507955761168 0.75 3.974154579496104 0.05 1.5
wall7 12.387077289748053 10.302507955761168 0.75 1.8925120871705623 0.05 1.5
wall8 13.953151651901367 10.79058890066743 0.75 1.2396366371360656 0.05 1.5
wall9 17.6864849852347 10.79058890066743 0.75 4.6270300295306 0.05 1.5
gap0 6.666666666666667 9.381363019463596
gap1 13.333333333333334 2.946327457718902
gap2 5.53769451362755 4.786350000135511
gap3 11.040821246162771 10.302507955761168
gap4 14.9729699704694 10.79058890066743
