10
wall0 6.666666666666667 2.7647457286279153 0.75 0.05 5.529491457255831 1.5
wall1 6.666666666666667 10.664745728627915 0.75 0.05 8.67050854274417 1.5
wall2 13.333333333333334 6.110905712499872 0.75 0.05 12.221811424999744 1.5
wall3 13.333333333333334 14.010905712499873 0.75 0.05 1.9781885750002548 1.5
wall4 1.1797411643851314 9.399908493227503 0.75 2.359482328770263 0.05 1.5
wall5 4.913074497718465 9.399908493227503 0.75 3.5071843378964043 0.05 1.5
wall6 8.240482607658157 9.445651373608337 0.75 3.1476318819829805 0.05 1.5
wall7 11.973815940991491 9.445651373608337 0.75 2.7190347846836858 0.05 1.5
wall8 13.714639503909503 6.405507990497503 0.75 0.7626123411523373 0.05 1.5
wall9 17.447972837242837 6.405507990497503 0.75 5.104054325514328 0.05 1.5
gap0 6.666666666666667 5.929491457255831
gap1 13.333333333333334 12.621811424999745
gap2 2.759482328770263 9.399908493227503
gap3 10.214298548649648 9.445651373608337
gap4 14.495945674485672 6.405507990497503
