10
wall0 6.666666666666667 0.4200958415000953 0.75 0.05 0.8401916830001906 1.5
wall1 6.666666666666667 8.320095841500095 0.75 0.05 13.359808316999809 1.5
wall2 13.333333333333334 1.0185931592131807 0.75 0.05 2.0371863184263614 1.5
wall3 13.333333333333334 8.91859315921318 0.75 0.05 12.162813681573638 1.5
wall4 1.6607360915917668 6.953697975269388 0.75 3.3214721831835337 0.05 1.5
wall5 5.3940694249251 6.953697975269388 0.75 2.545194483483133 0.05 1.5
wall6 7.3344962046345685 10.836344634868894 0.75 1.3356590759358022 0.05 1.5
wall7 11.067829537967903 10.836344634868894 0.75 4.531007590730864 0.05 1.5
wall8 15.390484011206915 6.155769837847155 0.75 4.114301355747164 0.05 1.5
wall9 19.12381734454025 6.155769837847155 0.75 1.7523653109195045 0.05 1.5
gap0 6.666666666666667 1.2401916830001907
gap1 13.333333333333334 2.4371863184263614
gap2 3.7214721831835336 6.953697975269388
gap3 8.40232574260247 10.836344634868894
gap4 17.847634689080497 6.155769837847155
