10
wall0 6.666666666666667 0.9550624377603383 0.75 0.05 1.9101248755206766 1.5
wall1 6.666666666666667 8.855062437760338 0.75 0.05 12.289875124479323 1.5
wall2 13.333333333333334 5.513519933936241 0.75 0.05 11.027039867872482 1.5
wall3 13.333333333333334 13.413519933936241 0.75 0.05 3.1729601321275176 1.5
wall4 2.2756171340958447 9.548243856236526 0.75 4.551234268191689 0.05 1.5
wall5 6.0089504674291785 9.548243856236526 0.75 1.315432398474977 0.05 1.5
wall6 7.081210121569905 7.999528276445134 0.75 0.8290869098064766 0.05 1.5
wall7 10.814543454903239 7.999528276445134 0.75 5.03757975686019 0.05 1.5
wall8 14.306244330110829 6.7468393695292495 0.75 1.9458219935549899 0.05 1.5
wall9 18.039577663444163 6.7468393695292495 0.75 3.9208446731116773 0.05 1.5
gap0 6.666666666666667 2.3101248755206765
gap1 13.333333333333334 11.427039867872482
gap2 4.95123426819169 9.548243856236526
gap3 7.895753576473144 7.999528276445134
gap4 15.679155326888324 6.7468393695292495
