10
wall0 6.666666666666667 1.3500983381816203 0.75 0.05 2.7001966763632406 1.5
wall1 6.666666666666667 9.25009833818162 0.75 0.05 11.49980332363676 1.5
wall2 13.333333333333334 3.8182524728344855 0.75 0.05 7.636504945668971 1.5
wall3 13.333333333333334 11.718252472834486 0.75 0.05 6.563495054331028 1.5
wall4 0.47085211123077747 4.8230394946920505 0.75 0.9417042224615549 0.05 1.5
wall5 4.204185444564111 4.8230394946920505 0.75 4.9249624442051125 0.05 1.5
wall6 8.007173717998727 7.132074645773791 0.75 2.681014102664119 0.05 1.5
wall7 11.74050705133206 7.132074645773791 0.75 3.185652564002547 0.05 1.5
wall8 14.668671989250704 10.64753934459454 0.75 2.670677311834739 0.05 1.5
wall9 18.402005322584035 10.64753934459454 0.75 3.19598935483193 0.05 1.5
gap0 6.666666666666667 3.1001966763632405
gap1 13.333333333333334 8.036504945668971
gap2 1.341704222461555 4.8230394946920505
gap3 9.747680769330787 7.132074645773791
gap4 16.40401064516807 10.64753934459454
